0.0  1.0  1.0  0.0
1.0  1.0  2.0  1112.283
2.0  1.0  3.0  2827.266
1.0  2.0  3.0  2572.681
0.0  3.0  3.0  -2267.0
3.0  1.0  4.0  1400.351
2.0  2.0  4.0  7073.915
1.0  3.0  4.0  1153.761
4.0  1.0  5.0  1336.36
3.0  2.0  5.0  5481.132
2.0  3.0  5.0  5266.132
1.0  4.0  5.0  -154.0
5.0  1.0  6.0  963.633
4.0  2.0  6.0  4878.017
3.0  3.0  6.0  5332.345
2.0  4.0  6.0  4487.262
1.0  5.0  6.0  152.0
6.0  1.0  7.0  940.0
5.0  2.0  7.0  4119.07
4.0  3.0  7.0  5606.291
3.0  4.0  7.0  5371.4
2.0  5.0  7.0  3531.306
6.0  2.0  8.0  3925.975
5.0  3.0  8.0  5159.582
4.0  4.0  8.0  7062.435
3.0  5.0  8.0  4717.164
2.0  6.0  8.0  3097.8
7.0  2.0  9.0  3348.637
6.0  3.0  9.0  5037.839
5.0  4.0  9.0  6462.758
4.0  5.0  9.0  6257.16
3.0  6.0  9.0  4337.476
8.0  2.0  10.0  3033.927
7.0  3.0  10.0  4531.555
6.0  4.0  10.0  6497.711
5.0  5.0  10.0  6475.071
4.0  6.0  10.0  6032.041
3.0  7.0  10.0  3643.66
8.0  3.0  11.0  4149.104
7.0  4.0  11.0  5952.822
6.0  5.0  11.0  6927.711
5.0  6.0  11.0  6676.37
4.0  7.0  11.0  5364.045
9.0  3.0  12.0  3701.0
8.0  4.0  12.0  5720.826
7.0  5.0  12.0  6631.264
6.0  6.0  12.0  7680.144
5.0  7.0  12.0  6170.108
4.0  8.0  12.0  4879.09
9.0  4.0  13.0  5273.07
8.0  5.0  13.0  6496.402
7.0  6.0  13.0  7469.849
6.0  7.0  13.0  7238.863
5.0  8.0  13.0  5811.994
10.0  4.0  14.0  4993.897
9.0  5.0  14.0  6101.645
8.0  6.0  14.0  7520.319
7.0  7.0  14.0  7475.614
6.0  8.0  14.0  7052.308
5.0  9.0  14.0  5236.0
11.0  4.0  15.0  4543.0
10.0  5.0  15.0  5879.05
9.0  6.0  15.0  7100.169
8.0  7.0  15.0  7699.459
7.0  8.0  15.0  7463.692
6.0  9.0  15.0  6483.551
12.0  4.0  16.0  4271.0
11.0  5.0  16.0  5509.228
10.0  6.0  16.0  6922.054
9.0  7.0  16.0  7373.812
8.0  8.0  16.0  7976.206
7.0  9.0  16.0  6963.731
6.0  10.0  16.0  6082.572
12.0  5.0  17.0  5266.461
11.0  6.0  17.0  6557.616
10.0  7.0  17.0  7286.153
9.0  8.0  17.0  7750.731
8.0  9.0  17.0  7542.328
7.0  10.0  17.0  6642.825
13.0  5.0  18.0  4947.0
12.0  6.0  18.0  6425.747
11.0  7.0  18.0  7038.49
10.0  8.0  18.0  7767.025
9.0  9.0  18.0  7631.605
8.0  10.0  18.0  7341.282
7.0  11.0  18.0  6249.329
14.0  5.0  19.0  4741.0
13.0  6.0  19.0  6117.909
12.0  7.0  19.0  6948.235
11.0  8.0  19.0  7566.389
10.0  9.0  19.0  7779.015
9.0  10.0  19.0  7567.375
8.0  11.0  19.0  6938.021
7.0  12.0  19.0  5838.251
14.0  6.0  20.0  5958.733
13.0  7.0  20.0  6709.24
12.0  8.0  20.0  7568.505
11.0  9.0  20.0  7720.131
10.0  10.0  20.0  8032.24
9.0  11.0  20.0  7298.641
8.0  12.0  20.0  6723.392
15.0  6.0  21.0  5659.0
14.0  7.0  21.0  6608.099
13.0  8.0  21.0  7389.332
12.0  9.0  21.0  7738.29
11.0  10.0  21.0  7971.713
10.0  11.0  21.0  7765.524
9.0  12.0  21.0  7104.714
8.0  13.0  21.0  6343.0
16.0  6.0  22.0  5436.0
15.0  7.0  22.0  6366.085
14.0  8.0  22.0  7364.821
13.0  9.0  22.0  7624.294
12.0  10.0  22.0  8080.465
11.0  11.0  22.0  7915.709
10.0  12.0  22.0  7662.626
9.0  13.0  22.0  6783.0
8.0  14.0  22.0  6111.0
16.0  7.0  23.0  6164.0
15.0  8.0  23.0  7163.85
14.0  9.0  23.0  7620.41
13.0  10.0  23.0  7955.255
12.0  11.0  23.0  8111.493
11.0  12.0  23.0  7901.126
10.0  13.0  23.0  7334.792
9.0  14.0  23.0  6562.0
17.0  7.0  24.0  5862.0
16.0  8.0  24.0  7015.935
15.0  9.0  24.0  7462.957
14.0  10.0  24.0  7993.319
13.0  11.0  24.0  8063.496
12.0  12.0  24.0  8260.709
11.0  13.0  24.0  7649.919
10.0  14.0  24.0  7166.837
9.0  15.0  24.0  6249.0
18.0  7.0  25.0  5592.0
17.0  8.0  25.0  6723.0
16.0  9.0  25.0  7338.764
15.0  10.0  25.0  7842.701
14.0  11.0  25.0  8101.397
13.0  12.0  25.0  8223.504
12.0  13.0  25.0  8021.144
11.0  14.0  25.0  7480.23
10.0  15.0  25.0  6847.0
18.0  8.0  26.0  6457.0
17.0  9.0  26.0  7097.744
16.0  10.0  26.0  7753.891
15.0  11.0  26.0  8004.26
14.0  12.0  26.0  8333.872
13.0  13.0  26.0  8149.771
12.0  14.0  26.0  7924.847
11.0  15.0  26.0  7198.0
10.0  16.0  26.0  6591.0
19.0  8.0  27.0  6175.0
18.0  9.0  27.0  6887.318
17.0  10.0  27.0  7519.709
16.0  11.0  27.0  7956.933
15.0  12.0  27.0  8263.854
14.0  13.0  27.0  8331.545
13.0  14.0  27.0  8124.334
12.0  15.0  27.0  7663.237
11.0  16.0  27.0  6958.0
20.0  8.0  28.0  5925.0
19.0  9.0  28.0  6633.0
18.0  10.0  28.0  7390.315
17.0  11.0  28.0  7799.297
16.0  12.0  28.0  8272.406
15.0  13.0  28.0  8309.886
14.0  14.0  28.0  8447.744
13.0  15.0  28.0  7907.873
12.0  16.0  28.0  7478.79
11.0  17.0  28.0  6648.0
20.0  9.0  29.0  6439.0
19.0  10.0  29.0  7178.857
18.0  11.0  29.0  7682.668
17.0  12.0  29.0  8113.761
16.0  13.0  29.0  8348.725
15.0  14.0  29.0  8448.634
14.0  15.0  29.0  8251.228
13.0  16.0  29.0  7748.629
12.0  17.0  29.0  7159.0
21.0  9.0  30.0  6206.0
20.0  10.0  30.0  7040.467
19.0  11.0  30.0  7505.754
18.0  12.0  30.0  8055.401
17.0  13.0  30.0  8261.381
16.0  14.0  30.0  8520.653
15.0  15.0  30.0  8353.496
14.0  16.0  30.0  8122.817
13.0  17.0  30.0  7480.0
12.0  18.0  30.0  6932.0
22.0  9.0  31.0  6028.0
21.0  10.0  31.0  6824.0
20.0  11.0  31.0  7385.492
19.0  12.0  31.0  7872.26
18.0  13.0  31.0  8225.611
17.0  14.0  31.0  8458.29
16.0  15.0  31.0  8481.178
15.0  16.0  31.0  8281.869
14.0  17.0  31.0  7870.261
13.0  18.0  31.0  7253.0
22.0  10.0  32.0  6662.0
21.0  11.0  32.0  7206.621
20.0  12.0  32.0  7807.774
19.0  13.0  32.0  8099.175
18.0  14.0  32.0  8481.569
17.0  15.0  32.0  8464.13
16.0  16.0  32.0  8493.134
15.0  17.0  32.0  8072.251
14.0  18.0  32.0  7700.003
13.0  19.0  32.0  6969.0
23.0  10.0  33.0  6440.0
22.0  11.0  33.0  7056.314
21.0  12.0  33.0  7638.522
20.0  13.0  33.0  8021.586
19.0  14.0  33.0  8360.402
18.0  15.0  33.0  8513.811
17.0  16.0  33.0  8497.634
16.0  17.0  33.0  8304.758
15.0  18.0  33.0  7928.95
14.0  19.0  33.0  7416.0
24.0  10.0  34.0  6279.0
23.0  11.0  34.0  6855.0
22.0  12.0  34.0  7536.118
21.0  13.0  34.0  7858.434
20.0  14.0  34.0  8336.138
19.0  15.0  34.0  8448.449
18.0  16.0  34.0  8583.501
17.0  17.0  34.0  8398.961
16.0  18.0  34.0  8197.64
15.0  19.0  34.0  7678.0
14.0  20.0  34.0  7224.0
24.0  11.0  35.0  6695.0
23.0  12.0  35.0  7342.0
22.0  13.0  35.0  7784.451
21.0  14.0  35.0  8168.673
20.0  15.0  35.0  8446.247
19.0  16.0  35.0  8537.855
18.0  17.0  35.0  8520.278
17.0  18.0  35.0  8327.465
16.0  19.0  35.0  7965.726
15.0  20.0  35.0  7493.0
25.0  11.0  36.0  6500.0
24.0  12.0  36.0  7215.0
23.0  13.0  36.0  7628.193
22.0  14.0  36.0  8113.807
21.0  15.0  36.0  8307.866
20.0  16.0  36.0  8575.387
19.0  17.0  36.0  8521.927
18.0  18.0  36.0  8519.909
17.0  19.0  36.0  8142.472
16.0  20.0  36.0  7815.551
15.0  21.0  36.0  7229.0
26.0  11.0  37.0  6345.0
25.0  12.0  37.0  7027.0
24.0  13.0  37.0  7527.619
23.0  14.0  37.0  7953.132
22.0  15.0  37.0  8267.505
21.0  16.0  37.0  8459.934
20.0  17.0  37.0  8570.28
19.0  18.0  37.0  8527.139
18.0  19.0  37.0  8339.847
17.0  20.0  37.0  8004.15
16.0  21.0  37.0  7550.0
26.0  12.0  38.0  6903.0
25.0  13.0  38.0  7381.288
24.0  14.0  38.0  7890.118
23.0  15.0  38.0  8150.86
22.0  16.0  38.0  8448.782
21.0  17.0  38.0  8505.48
20.0  18.0  38.0  8614.273
19.0  19.0  38.0  8438.057
18.0  20.0  38.0  8240.062
17.0  21.0  38.0  7769.0
16.0  22.0  38.0  7379.0
27.0  12.0  39.0  6713.0
26.0  13.0  39.0  7261.909
25.0  14.0  39.0  7741.034
24.0  15.0  39.0  8100.51
23.0  16.0  39.0  8344.258
22.0  17.0  39.0  8494.402
21.0  18.0  39.0  8562.593
20.0  19.0  39.0  8557.02
19.0  20.0  39.0  8369.457
18.0  21.0  39.0  8013.336
17.0  22.0  39.0  7592.0
28.0  12.0  40.0  6581.0
27.0  13.0  40.0  7085.0
26.0  14.0  40.0  7660.819
25.0  15.0  40.0  7980.608
24.0  16.0  40.0  8330.043
23.0  17.0  40.0  8427.765
22.0  18.0  40.0  8595.259
21.0  19.0  40.0  8538.083
20.0  20.0  40.0  8551.301
19.0  21.0  40.0  8173.666
18.0  22.0  40.0  7862.283
17.0  23.0  40.0  7363.0
28.0  13.0  41.0  6952.0
27.0  14.0  41.0  7473.38
26.0  15.0  41.0  7913.788
25.0  16.0  41.0  8229.892
24.0  17.0  41.0  8412.958
23.0  18.0  41.0  8534.371
22.0  19.0  41.0  8576.061
21.0  20.0  41.0  8546.703
20.0  21.0  41.0  8369.198
19.0  22.0  41.0  8034.0
18.0  23.0  41.0  7637.0
29.0  13.0  42.0  6789.0
28.0  14.0  42.0  7372.0
27.0  15.0  42.0  7769.554
26.0  16.0  42.0  8194.173
25.0  17.0  42.0  8347.819
24.0  18.0  42.0  8555.613
23.0  19.0  42.0  8551.245
22.0  20.0  42.0  8616.559
21.0  21.0  42.0  8444.935
20.0  22.0  42.0  8259.649
19.0  23.0  42.0  7837.0
18.0  24.0  42.0  7482.0
29.0  14.0  43.0  7196.0
28.0  15.0  43.0  7664.314
27.0  16.0  43.0  8058.473
26.0  17.0  43.0  8324.068
25.0  18.0  43.0  8488.237
24.0  19.0  43.0  8576.635
23.0  20.0  43.0  8600.659
22.0  21.0  43.0  8530.821
21.0  22.0  43.0  8352.933
20.0  23.0  43.0  8072.0
19.0  24.0  43.0  7684.0
30.0  14.0  44.0  7076.0
29.0  15.0  44.0  7530.0
28.0  16.0  44.0  7994.013
27.0  17.0  44.0  8228.843
26.0  18.0  44.0  8493.836
25.0  19.0  44.0  8547.34
24.0  20.0  44.0  8658.17
23.0  21.0  44.0  8557.381
22.0  22.0  44.0  8533.518
21.0  23.0  44.0  8210.463
20.0  24.0  44.0  7951.0
19.0  25.0  44.0  7481.0
30.0  15.0  45.0  7413.0
29.0  16.0  45.0  7865.431
28.0  17.0  45.0  8183.823
27.0  18.0  45.0  8419.947
26.0  19.0  45.0  8554.508
25.0  20.0  45.0  8630.54
24.0  21.0  45.0  8618.84
23.0  22.0  45.0  8555.631
22.0  23.0  45.0  8379.887
21.0  24.0  45.0  8075.515
20.0  25.0  45.0  7750.0
19.0  26.0  45.0  7318.0
31.0  15.0  46.0  7262.0
30.0  16.0  46.0  7784.0
29.0  17.0  46.0  8101.934
28.0  18.0  46.0  8411.271
27.0  19.0  46.0  8518.137
26.0  20.0  46.0  8668.885
25.0  21.0  46.0  8621.922
24.0  22.0  46.0  8656.356
23.0  23.0  46.0  8486.079
22.0  24.0  46.0  8303.87
21.0  25.0  46.0  7915.0
20.0  26.0  46.0  7613.0
31.0  16.0  47.0  7635.0
30.0  17.0  47.0  8012.0
29.0  18.0  47.0  8322.926
28.0  19.0  47.0  8514.544
27.0  20.0  47.0  8639.257
26.0  21.0  47.0  8664.995
25.0  22.0  47.0  8661.121
24.0  23.0  47.0  8582.127
23.0  24.0  47.0  8407.106
22.0  25.0  47.0  8129.0
21.0  26.0  47.0  7779.0
20.0  27.0  47.0  7394.0
32.0  16.0  48.0  7536.0
31.0  17.0  48.0  7892.0
30.0  18.0  48.0  8272.0
29.0  19.0  48.0  8430.887
28.0  20.0  48.0  8666.467
27.0  21.0  48.0  8656.043
26.0  22.0  48.0  8722.903
25.0  23.0  48.0  8623.013
24.0  24.0  48.0  8572.21
23.0  25.0  48.0  8274.75
22.0  26.0  48.0  8026.0
21.0  27.0  48.0  7597.0
20.0  28.0  48.0  7232.0
33.0  16.0  49.0  7367.0
32.0  17.0  49.0  7794.0
31.0  18.0  49.0  8154.0
30.0  19.0  49.0  8386.719
29.0  20.0  49.0  8594.63
28.0  21.0  49.0  8686.074
27.0  22.0  49.0  8711.055
26.0  23.0  49.0  8682.806
25.0  24.0  49.0  8613.239
24.0  25.0  49.0  8439.826
23.0  26.0  49.0  8158.0
22.0  27.0  49.0  7836.0
21.0  28.0  49.0  7441.0
33.0  17.0  50.0  7659.0
32.0  18.0  50.0  8080.0
31.0  19.0  50.0  8281.068
30.0  20.0  50.0  8549.795
29.0  21.0  50.0  8633.469
28.0  22.0  50.0  8755.618
27.0  23.0  50.0  8695.869
26.0  24.0  50.0  8700.981
25.0  25.0  50.0  8532.68
24.0  26.0  50.0  8354.008
23.0  27.0  50.0  7993.0
22.0  28.0  50.0  7709.0
34.0  17.0  51.0  7546.0
33.0  18.0  51.0  7948.0
32.0  19.0  51.0  8211.0
31.0  20.0  51.0  8467.716
30.0  21.0  51.0  8596.59
29.0  22.0  51.0  8708.89
28.0  23.0  51.0  8742.051
27.0  24.0  51.0  8711.954
26.0  25.0  51.0  8633.723
25.0  26.0  51.0  8461.147
24.0  27.0  51.0  8192.0
23.0  28.0  51.0  7866.0
34.0  18.0  52.0  7858.0
33.0  19.0  52.0  8097.0
32.0  20.0  52.0  8395.59
31.0  21.0  52.0  8531.457
30.0  22.0  52.0  8691.571
29.0  23.0  52.0  8714.535
28.0  24.0  52.0  8775.944
27.0  25.0  52.0  8670.294
26.0  26.0  52.0  8609.598
25.0  27.0  52.0  8317.0
24.0  28.0  52.0  8086.0
23.0  29.0  52.0  7686.0
35.0  18.0  53.0  7719.0
34.0  19.0  53.0  8017.0
33.0  20.0  53.0  8302.0
32.0  21.0  53.0  8471.0
31.0  22.0  53.0  8630.132
30.0  23.0  53.0  8710.088
29.0  24.0  53.0  8760.155
28.0  25.0  53.0  8734.133
27.0  26.0  53.0  8648.757
26.0  27.0  53.0  8477.382
25.0  28.0  53.0  8212.0
24.0  29.0  53.0  7897.0
35.0  19.0  54.0  7896.0
34.0  20.0  54.0  8224.0
33.0  21.0  54.0  8400.753
32.0  22.0  54.0  8596.924
31.0  23.0  54.0  8662.002
30.0  24.0  54.0  8777.914
29.0  25.0  54.0  8737.923
28.0  26.0  54.0  8736.344
27.0  27.0  54.0  8569.209
26.0  28.0  54.0  8391.781
25.0  29.0  54.0  8053.0
24.0  30.0  54.0  7758.0
36.0  19.0  55.0  7806.0
35.0  20.0  55.0  8116.0
34.0  21.0  55.0  8310.432
33.0  22.0  55.0  8516.021
32.0  23.0  55.0  8637.817
31.0  24.0  55.0  8731.884
30.0  25.0  55.0  8764.988
29.0  26.0  55.0  8746.56
28.0  27.0  55.0  8669.575
27.0  28.0  55.0  8497.315
26.0  29.0  55.0  8234.0
25.0  30.0  55.0  7916.0
36.0  20.0  56.0  8032.0
35.0  21.0  56.0  8229.0
34.0  22.0  56.0  8459.266
33.0  23.0  56.0  8572.855
32.0  24.0  56.0  8723.191
31.0  25.0  56.0  8738.3
30.0  26.0  56.0  8790.323
29.0  27.0  56.0  8694.817
28.0  28.0  56.0  8642.709
27.0  29.0  56.0  8355.0
26.0  30.0  56.0  8112.0
25.0  31.0  56.0  7723.0
37.0  20.0  57.0  7922.0
36.0  21.0  57.0  8146.0
35.0  22.0  57.0  8357.848
34.0  23.0  57.0  8530.874
33.0  24.0  57.0  8663.384
32.0  25.0  57.0  8736.723
31.0  26.0  57.0  8770.249
30.0  27.0  57.0  8741.858
29.0  28.0  57.0  8670.901
28.0  29.0  57.0  8503.274
27.0  30.0  57.0  8235.0
26.0  31.0  57.0  7925.0
37.0  21.0  58.0  8050.0
36.0  22.0  58.0  8305.0
35.0  23.0  58.0  8454.33
34.0  24.0  58.0  8641.29
33.0  25.0  58.0  8698.01
32.0  26.0  58.0  8792.221
31.0  27.0  58.0  8738.947
30.0  28.0  58.0  8732.041
29.0  29.0  58.0  8570.869
28.0  30.0  58.0  8395.926
27.0  31.0  58.0  8067.0
26.0  32.0  58.0  7784.0
38.0  21.0  59.0  7963.0
37.0  22.0  59.0  8207.0
36.0  23.0  59.0  8394.581
35.0  24.0  59.0  8564.795
34.0  25.0  59.0  8680.146
33.0  26.0  59.0  8754.743
32.0  27.0  59.0  8768.013
31.0  28.0  59.0  8736.57
30.0  29.0  59.0  8641.981
29.0  30.0  59.0  8474.539
28.0  31.0  59.0  8239.0
27.0  32.0  59.0  7935.0
39.0  21.0  60.0  7864.0
38.0  22.0  60.0  8145.0
37.0  23.0  60.0  8314.372
36.0  24.0  60.0  8533.443
35.0  25.0  60.0  8631.637
34.0  26.0  60.0  8755.831
33.0  27.0  60.0  8746.745
32.0  28.0  60.0  8780.757
31.0  29.0  60.0  8665.585
30.0  30.0  60.0  8583.273
29.0  31.0  60.0  8334.0
28.0  32.0  60.0  8117.0
27.0  33.0  60.0  7748.0
39.0  22.0  61.0  8046.0
38.0  23.0  61.0  8258.0
37.0  24.0  61.0  8454.995
36.0  25.0  61.0  8595.859
35.0  26.0  61.0  8703.782
34.0  27.0  61.0  8756.154
33.0  28.0  61.0  8765.009
32.0  29.0  61.0  8715.507
31.0  30.0  61.0  8610.253
30.0  31.0  61.0  8445.706
29.0  32.0  61.0  8214.0
28.0  33.0  61.0  7944.0
40.0  22.0  62.0  7982.0
39.0  23.0  62.0  8175.0
38.0  24.0  62.0  8420.321
37.0  25.0  62.0  8530.674
36.0  26.0  62.0  8693.248
35.0  27.0  62.0  8721.448
34.0  28.0  62.0  8794.549
33.0  29.0  62.0  8718.249
32.0  30.0  62.0  8679.398
31.0  31.0  62.0  8518.86
30.0  32.0  62.0  8349.0
29.0  33.0  62.0  8058.0
41.0  22.0  63.0  7881.0
40.0  23.0  63.0  8118.0
39.0  24.0  63.0  8337.0
38.0  25.0  63.0  8496.595
37.0  26.0  63.0  8630.124
36.0  27.0  63.0  8717.619
35.0  28.0  63.0  8763.489
34.0  29.0  63.0  8752.134
33.0  30.0  63.0  8686.279
32.0  31.0  63.0  8583.926
31.0  32.0  63.0  8419.0
30.0  33.0  63.0  8198.0
41.0  23.0  64.0  8031.0
40.0  24.0  64.0  8296.0
39.0  25.0  64.0  8431.599
38.0  26.0  64.0  8609.28
37.0  27.0  64.0  8675.525
36.0  28.0  64.0  8777.467
35.0  29.0  64.0  8739.07
34.0  30.0  64.0  8735.898
33.0  31.0  64.0  8611.654
32.0  32.0  64.0  8529.361
31.0  33.0  64.0  8285.0
42.0  23.0  65.0  7968.0
41.0  24.0  65.0  8210.0
40.0  25.0  65.0  8396.148
39.0  26.0  65.0  8541.116
38.0  27.0  65.0  8656.649
37.0  28.0  65.0  8736.246
36.0  29.0  65.0  8757.096
35.0  30.0  65.0  8724.259
34.0  31.0  65.0  8662.154
33.0  32.0  65.0  8554.079
32.0  33.0  65.0  8397.0
31.0  34.0  65.0  8169.0
42.0  24.0  66.0  8163.0
41.0  25.0  66.0  8324.0
40.0  26.0  66.0  8514.234
39.0  27.0  66.0  8601.438
38.0  28.0  66.0  8739.508
37.0  29.0  66.0  8731.472
36.0  30.0  66.0  8759.636
35.0  31.0  66.0  8669.373
34.0  32.0  66.0  8625.701
33.0  33.0  66.0  8460.482
32.0  34.0  66.0  8300.0
43.0  24.0  67.0  8075.0
42.0  25.0  67.0  8278.0
41.0  26.0  67.0  8449.695
40.0  27.0  67.0  8577.85
39.0  28.0  67.0  8695.75
38.0  29.0  67.0  8737.447
37.0  30.0  67.0  8734.154
36.0  31.0  67.0  8707.54
35.0  32.0  67.0  8632.85
34.0  33.0  67.0  8531.472
33.0  34.0  67.0  8368.0
32.0  35.0  67.0  8152.0
43.0  25.0  68.0  8204.0
42.0  26.0  68.0  8406.422
41.0  27.0  68.0  8515.833
40.0  28.0  68.0  8682.466
39.0  29.0  68.0  8701.89
38.0  30.0  68.0  8755.682
37.0  31.0  68.0  8701.22
36.0  32.0  68.0  8688.151
35.0  33.0  68.0  8557.814
34.0  34.0  68.0  8477.42
33.0  35.0  68.0  8237.0
44.0  25.0  69.0  8155.0
43.0  26.0  69.0  8333.0
42.0  27.0  69.0  8489.857
41.0  28.0  69.0  8623.099
40.0  29.0  69.0  8695.203
39.0  30.0  69.0  8722.731
38.0  31.0  69.0  8724.578
37.0  32.0  69.0  8680.962
36.0  33.0  69.0  8611.451
35.0  34.0  69.0  8501.777
34.0  35.0  69.0  8348.0
33.0  36.0  69.0  8133.0
44.0  26.0  70.0  8294.0
43.0  27.0  70.0  8421.601
42.0  28.0  70.0  8603.377
41.0  29.0  70.0  8646.861
40.0  30.0  70.0  8729.806
39.0  31.0  70.0  8709.279
38.0  32.0  70.0  8721.717
37.0  33.0  70.0  8621.684
36.0  34.0  70.0  8577.695
35.0  35.0  70.0  8415.0
34.0  36.0  70.0  8264.0
45.0  26.0  71.0  8221.0
44.0  27.0  71.0  8391.74
43.0  28.0  71.0  8540.304
42.0  29.0  71.0  8635.022
41.0  30.0  71.0  8689.014
40.0  31.0  71.0  8717.62
39.0  32.0  71.0  8703.326
38.0  33.0  71.0  8663.949
37.0  34.0  71.0  8585.635
36.0  35.0  71.0  8489.362
35.0  36.0  71.0  8335.526
34.0  37.0  71.0  8119.0
46.0  26.0  72.0  8182.0
45.0  27.0  72.0  8324.0
44.0  28.0  72.0  8516.242
43.0  29.0  72.0  8586.525
42.0  30.0  72.0  8691.609
41.0  31.0  72.0  8687.104
40.0  32.0  72.0  8731.745
39.0  33.0  72.0  8660.378
38.0  34.0  72.0  8644.854
37.0  35.0  72.0  8510.665
36.0  36.0  72.0  8429.323
35.0  37.0  72.0  8199.0
46.0  27.0  73.0  8289.0
45.0  28.0  73.0  8454.0
44.0  29.0  73.0  8568.557
43.0  30.0  73.0  8645.837
42.0  31.0  73.0  8693.873
41.0  32.0  73.0  8705.049
40.0  33.0  73.0  8689.663
39.0  34.0  73.0  8641.425
38.0  35.0  73.0  8567.849
37.0  36.0  73.0  8460.184
36.0  37.0  73.0  8306.0
35.0  38.0  73.0  8098.0
47.0  27.0  74.0  8222.0
46.0  28.0  74.0  8429.0
45.0  29.0  74.0  8521.562
44.0  30.0  74.0  8642.107
43.0  31.0  74.0  8663.166
42.0  32.0  74.0  8725.2
41.0  33.0  74.0  8680.0
40.0  34.0  74.0  8687.708
39.0  35.0  74.0  8583.803
38.0  36.0  74.0  8533.034
37.0  37.0  74.0  8381.726
36.0  38.0  74.0  8220.0
48.0  27.0  75.0  8183.0
47.0  28.0  75.0  8365.0
46.0  29.0  75.0  8490.407
45.0  30.0  75.0  8591.299
44.0  31.0  75.0  8660.808
43.0  32.0  75.0  8695.602
42.0  33.0  75.0  8700.85
41.0  34.0  75.0  8678.907
40.0  35.0  75.0  8628.076
39.0  36.0  75.0  8553.439
38.0  37.0  75.0  8448.315
37.0  38.0  75.0  8296.551
48.0  28.0  76.0  8331.0
47.0  29.0  76.0  8443.527
46.0  30.0  76.0  8580.083
45.0  31.0  76.0  8624.526
44.0  32.0  76.0  8705.238
43.0  33.0  76.0  8682.792
42.0  34.0  76.0  8711.478
41.0  35.0  76.0  8635.883
40.0  36.0  76.0  8608.815
39.0  37.0  76.0  8486.225
38.0  38.0  76.0  8393.879
37.0  39.0  76.0  8179.0
49.0  28.0  77.0  8264.0
48.0  29.0  77.0  8408.0
47.0  30.0  77.0  8529.135
46.0  31.0  77.0  8613.39
45.0  32.0  77.0  8671.044
44.0  33.0  77.0  8695.981
43.0  34.0  77.0  8694.691
42.0  35.0  77.0  8666.808
41.0  36.0  77.0  8616.836
40.0  37.0  77.0  8537.261
39.0  38.0  77.0  8435.926
38.0  39.0  77.0  8284.0
50.0  28.0  78.0  8230.0
49.0  29.0  78.0  8354.0
48.0  30.0  78.0  8505.576
47.0  31.0  78.0  8577.135
46.0  32.0  78.0  8671.665
45.0  33.0  78.0  8673.881
44.0  34.0  78.0  8717.808
43.0  35.0  78.0  8661.96
42.0  36.0  78.0  8661.256
41.0  37.0  78.0  8558.361
40.0  38.0  78.0  8500.096
39.0  39.0  78.0  8354.0
38.0  40.0  78.0  8205.0
50.0  29.0  79.0  8320.0
49.0  30.0  79.0  8450.0
48.0  31.0  79.0  8555.58
47.0  32.0  79.0  8634.019
46.0  33.0  79.0  8676.622
45.0  34.0  79.0  8695.593
44.0  35.0  79.0  8687.6
43.0  36.0  79.0  8657.118
42.0  37.0  79.0  8601.147
41.0  38.0  79.0  8523.816
40.0  39.0  79.0  8423.786
39.0  40.0  79.0  8275.0
51.0  29.0  80.0  8243.0
50.0  30.0  80.0  8425.997
49.0  31.0  80.0  8507.347
48.0  32.0  80.0  8627.318
47.0  33.0  80.0  8650.59
46.0  34.0  80.0  8710.819
45.0  35.0  80.0  8677.659
44.0  36.0  80.0  8692.917
43.0  37.0  80.0  8611.642
42.0  38.0  80.0  8578.555
41.0  39.0  80.0  8455.145
40.0  40.0  80.0  8374.107
51.0  30.0  81.0  8351.0
50.0  31.0  81.0  8487.744
49.0  32.0  81.0  8580.801
48.0  33.0  81.0  8648.056
47.0  34.0  81.0  8686.005
46.0  35.0  81.0  8695.918
45.0  36.0  81.0  8682.793
44.0  37.0  81.0  8645.49
43.0  38.0  81.0  8587.348
42.0  39.0  81.0  8509.661
41.0  40.0  81.0  8407.053
40.0  41.0  81.0  8261.0
52.0  30.0  82.0  8303.0
51.0  31.0  82.0  8423.0
50.0  32.0  82.0  8566.304
49.0  33.0  82.0  8614.08
48.0  34.0  82.0  8693.198
47.0  35.0  82.0  8682.468
46.0  36.0  82.0  8710.647
45.0  37.0  82.0  8647.431
44.0  38.0  82.0  8635.698
43.0  39.0  82.0  8530.84
42.0  40.0  82.0  8473.0
41.0  41.0  82.0  8326.0
53.0  30.0  83.0  8226.0
52.0  31.0  83.0  8374.0
51.0  32.0  83.0  8503.0
50.0  33.0  83.0  8602.199
49.0  34.0  83.0  8658.557
48.0  35.0  83.0  8693.327
47.0  36.0  83.0  8695.621
46.0  37.0  83.0  8675.269
45.0  38.0  83.0  8638.381
44.0  39.0  83.0  8575.113
43.0  40.0  83.0  8494.988
42.0  41.0  83.0  8395.201
41.0  42.0  83.0  8251.0
53.0  31.0  84.0  8308.0
52.0  32.0  84.0  8467.0
51.0  33.0  84.0  8551.0
50.0  34.0  84.0  8658.841
49.0  35.0  84.0  8671.522
48.0  36.0  84.0  8717.347
47.0  37.0  84.0  8676.117
46.0  38.0  84.0  8677.444
45.0  39.0  84.0  8590.916
44.0  40.0  84.0  8550.0
43.0  41.0  84.0  8426.0
42.0  42.0  84.0  8344.0
54.0  31.0  85.0  8257.0
53.0  32.0  85.0  8401.0
52.0  33.0  85.0  8513.0
51.0  34.0  85.0  8610.476
50.0  35.0  85.0  8674.001
49.0  36.0  85.0  8698.562
48.0  37.0  85.0  8697.441
47.0  38.0  85.0  8675.71
46.0  39.0  85.0  8628.148
45.0  40.0  85.0  8563.732
44.0  41.0  85.0  8483.94
43.0  42.0  85.0  8380.0
42.0  43.0  85.0  8236.0
55.0  31.0  86.0  8189.0
54.0  32.0  86.0  8360.0
53.0  33.0  86.0  8459.0
52.0  34.0  86.0  8582.256
51.0  35.0  86.0  8632.45
50.0  36.0  86.0  8712.027
49.0  37.0  86.0  8696.901
48.0  38.0  86.0  8708.461
47.0  39.0  86.0  8638.434
46.0  40.0  86.0  8612.137
45.0  41.0  86.0  8510.272
44.0  42.0  86.0  8439.896
43.0  43.0  86.0  8299.0
55.0  32.0  87.0  8292.0
54.0  33.0  87.0  8418.0
53.0  34.0  87.0  8530.882
52.0  35.0  87.0  8605.51
51.0  36.0  87.0  8675.282
50.0  37.0  87.0  8710.983
49.0  38.0  87.0  8705.239
48.0  39.0  87.0  8674.848
47.0  40.0  87.0  8623.665
46.0  41.0  87.0  8555.305
45.0  42.0  87.0  8471.735
44.0  43.0  87.0  8364.0
43.0  44.0  87.0  8220.0
56.0  32.0  88.0  8243.0
55.0  33.0  88.0  8361.0
54.0  34.0  88.0  8494.935
53.0  35.0  88.0  8563.931
52.0  36.0  88.0  8656.859
51.0  37.0  88.0  8681.115
50.0  38.0  88.0  8732.596
49.0  39.0  88.0  8682.54
48.0  40.0  88.0  8665.968
47.0  41.0  88.0  8571.282
46.0  42.0  88.0  8524.062
45.0  43.0  88.0  8402.0
44.0  44.0  88.0  8313.0
57.0  32.0  89.0  8169.0
56.0  33.0  89.0  8311.0
55.0  34.0  89.0  8438.0
54.0  35.0  89.0  8534.12
53.0  36.0  89.0  8616.959
52.0  37.0  89.0  8664.19
51.0  38.0  89.0  8705.924
50.0  39.0  89.0  8713.904
49.0  40.0  89.0  8673.284
48.0  41.0  89.0  8617.094
47.0  42.0  89.0  8544.86
46.0  43.0  89.0  8456.0
45.0  44.0  89.0  8353.0
44.0  45.0  89.0  8211.0
57.0  33.0  90.0  8245.0
56.0  34.0  90.0  8397.0
55.0  35.0  90.0  8485.069
54.0  36.0  90.0  8591.377
53.0  37.0  90.0  8631.483
52.0  38.0  90.0  8695.9
51.0  39.0  90.0  8693.272
50.0  40.0  90.0  8709.91
49.0  41.0  90.0  8633.318
48.0  42.0  90.0  8596.969
47.0  43.0  90.0  8488.714
46.0  44.0  90.0  8414.0
45.0  45.0  90.0  8271.0
58.0  33.0  91.0  8193.0
57.0  34.0  91.0  8332.0
56.0  35.0  91.0  8446.33
55.0  36.0  91.0  8545.447
54.0  37.0  91.0  8607.564
53.0  38.0  91.0  8663.802
52.0  39.0  91.0  8684.872
51.0  40.0  91.0  8693.257
50.0  41.0  91.0  8670.836
49.0  42.0  91.0  8613.577
48.0  43.0  91.0  8536.628
47.0  44.0  91.0  8448.0
46.0  45.0  91.0  8334.0
45.0  46.0  91.0  8197.0
59.0  33.0  92.0  8127.0
58.0  34.0  92.0  8289.0
57.0  35.0  92.0  8388.687
56.0  36.0  92.0  8512.845
55.0  37.0  92.0  8569.417
54.0  38.0  92.0  8648.91
53.0  39.0  92.0  8661.554
52.0  40.0  92.0  8692.622
51.0  41.0  92.0  8662.318
50.0  42.0  92.0  8657.692
49.0  43.0  92.0  8563.64
48.0  44.0  92.0  8506.0
47.0  45.0  92.0  8377.0
46.0  46.0  92.0  8283.0
59.0  34.0  93.0  8223.0
58.0  35.0  93.0  8347.0
57.0  36.0  93.0  8456.834
56.0  37.0  93.0  8540.895
55.0  38.0  93.0  8612.773
54.0  39.0  93.0  8648.862
53.0  40.0  93.0  8671.566
52.0  41.0  93.0  8664.135
51.0  42.0  93.0  8651.37
50.0  43.0  93.0  8608.539
49.0  44.0  93.0  8531.987
48.0  45.0  93.0  8437.0
47.0  46.0  93.0  8326.0
46.0  47.0  93.0  8179.0
60.0  34.0  94.0  8180.0
59.0  35.0  94.0  8289.0
58.0  36.0  94.0  8422.0
57.0  37.0  94.0  8492.663
56.0  38.0  94.0  8593.777
55.0  39.0  94.0  8622.774
54.0  40.0  94.0  8666.774
53.0  41.0  94.0  8648.852
52.0  42.0  94.0  8662.287
51.0  43.0  94.0  8608.69
50.0  44.0  94.0  8583.494
49.0  45.0  94.0  8473.0
48.0  46.0  94.0  8394.0
47.0  47.0  94.0  8247.0
60.0  35.0  95.0  8245.0
59.0  36.0  95.0  8365.0
58.0  37.0  95.0  8459.813
57.0  38.0  95.0  8549.082
56.0  39.0  95.0  8604.954
55.0  40.0  95.0  8643.569
54.0  41.0  95.0  8647.166
53.0  42.0  95.0  8648.674
52.0  43.0  95.0  8622.643
51.0  44.0  95.0  8587.386
50.0  45.0  95.0  8525.362
49.0  46.0  95.0  8431.0
48.0  47.0  95.0  8317.0
47.0  48.0  95.0  8168.0
61.0  35.0  96.0  8188.0
60.0  36.0  96.0  8330.0
59.0  37.0  96.0  8407.544
58.0  38.0  96.0  8521.419
57.0  39.0  96.0  8569.6
56.0  40.0  96.0  8635.368
55.0  41.0  96.0  8628.895
54.0  42.0  96.0  8653.941
53.0  43.0  96.0  8614.821
52.0  44.0  96.0  8609.326
51.0  45.0  96.0  8534.586
50.0  46.0  96.0  8490.499
49.0  47.0  96.0  8361.0
48.0  48.0  96.0  8265.0
62.0  35.0  97.0  8146.0
61.0  36.0  97.0  8275.0
60.0  37.0  97.0  8374.508
59.0  38.0  97.0  8473.987
58.0  39.0  97.0  8542.927
57.0  40.0  97.0  8603.82
56.0  41.0  97.0  8623.167
55.0  42.0  97.0  8635.048
54.0  43.0  97.0  8623.68
53.0  44.0  97.0  8604.193
52.0  45.0  97.0  8559.808
51.0  46.0  97.0  8502.361
50.0  47.0  97.0  8422.337
49.0  48.0  97.0  8309.0
48.0  49.0  97.0  8161.0
62.0  36.0  98.0  8241.0
61.0  37.0  98.0  8329.223
60.0  38.0  98.0  8448.016
59.0  39.0  98.0  8499.439
58.0  40.0  98.0  8581.45
57.0  41.0  98.0  8596.341
56.0  42.0  98.0  8635.125
55.0  43.0  98.0  8609.959
54.0  44.0  98.0  8620.309
53.0  45.0  98.0  8560.799
52.0  46.0  98.0  8533.685
51.0  47.0  98.0  8441.627
50.0  48.0  98.0  8378.235
49.0  49.0  98.0  8230.0
63.0  36.0  99.0  8186.0
62.0  37.0  99.0  8292.853
61.0  38.0  99.0  8399.161
60.0  39.0  99.0  8472.22
59.0  40.0  99.0  8540.758
58.0  41.0  99.0  8578.9
57.0  42.0  99.0  8607.754
56.0  43.0  99.0  8613.562
55.0  44.0  99.0  8608.627
54.0  45.0  99.0  8580.093
53.0  46.0  99.0  8537.982
52.0  47.0  99.0  8475.231
51.0  48.0  99.0  8398.0
50.0  49.0  99.0  8303.0
49.0  50.0  99.0  8153.0
64.0  36.0  100.0  8152.0
63.0  37.0  100.0  8249.0
62.0  38.0  100.0  8376.218
61.0  39.0  100.0  8439.145
60.0  40.0  100.0  8524.422
59.0  41.0  100.0  8549.948
58.0  42.0  100.0  8604.575
57.0  43.0  100.0  8595.07
56.0  44.0  100.0  8619.274
55.0  45.0  100.0  8575.103
54.0  46.0  100.0  8563.7
53.0  47.0  100.0  8485.098
52.0  48.0  100.0  8438.289
51.0  49.0  100.0  8329.666
50.0  50.0  100.0  8247.942
64.0  37.0  101.0  8216.371
63.0  38.0  101.0  8325.555
62.0  39.0  101.0  8411.918
61.0  40.0  101.0  8488.776
60.0  41.0  101.0  8535.337
59.0  42.0  101.0  8572.829
58.0  43.0  101.0  8593.049
57.0  44.0  101.0  8601.282
56.0  45.0  101.0  8588.173
55.0  46.0  101.0  8560.823
54.0  47.0  101.0  8511.455
53.0  48.0  101.0  8449.486
52.0  49.0  101.0  8371.0
51.0  50.0  101.0  8274.0
65.0  37.0  102.0  8163.0
64.0  38.0  102.0  8300.222
63.0  39.0  102.0  8378.974
62.0  40.0  102.0  8467.872
61.0  41.0  102.0  8505.349
60.0  42.0  102.0  8568.365
59.0  43.0  102.0  8570.579
58.0  44.0  102.0  8607.344
57.0  45.0  102.0  8576.9
56.0  46.0  102.0  8580.505
55.0  47.0  102.0  8517.343
54.0  48.0  102.0  8484.31
53.0  49.0  102.0  8388.714
52.0  50.0  102.0  8324.377
65.0  38.0  103.0  8244.0
64.0  39.0  103.0  8347.0
63.0  40.0  103.0  8431.299
62.0  41.0  103.0  8491.131
61.0  42.0  103.0  8537.225
60.0  43.0  103.0  8566.037
59.0  44.0  103.0  8584.283
58.0  45.0  103.0  8584.1
57.0  46.0  103.0  8571.231
56.0  47.0  103.0  8537.541
55.0  48.0  103.0  8489.733
54.0  49.0  103.0  8423.399
53.0  50.0  103.0  8342.0
52.0  51.0  103.0  8229.0
66.0  38.0  104.0  8212.0
65.0  39.0  104.0  8306.0
64.0  40.0  104.0  8408.0
63.0  41.0  104.0  8457.35
62.0  42.0  104.0  8527.76
61.0  43.0  104.0  8540.983
60.0  44.0  104.0  8587.333
59.0  45.0  104.0  8568.858
58.0  46.0  104.0  8584.799
57.0  47.0  104.0  8536.135
56.0  48.0  104.0  8517.683
55.0  49.0  104.0  8434.506
54.0  50.0  104.0  8383.57
53.0  51.0  104.0  8257.0
67.0  38.0  105.0  8156.0
66.0  39.0  105.0  8270.0
65.0  40.0  105.0  8367.0
64.0  41.0  105.0  8440.617
63.0  42.0  105.0  8494.928
62.0  43.0  105.0  8534.619
61.0  44.0  105.0  8561.835
60.0  45.0  105.0  8572.651
59.0  46.0  105.0  8570.602
58.0  47.0  105.0  8550.343
57.0  48.0  105.0  8516.817
56.0  49.0  105.0  8463.185
55.0  50.0  105.0  8396.509
54.0  51.0  105.0  8299.13
53.0  52.0  105.0  8184.0
67.0  39.0  106.0  8225.0
66.0  40.0  106.0  8339.0
65.0  41.0  106.0  8402.0
64.0  42.0  106.0  8480.718
63.0  43.0  106.0  8506.545
62.0  44.0  106.0  8560.929
61.0  45.0  106.0  8553.92
60.0  46.0  106.0  8579.945
59.0  47.0  106.0  8544.591
58.0  48.0  106.0  8539.052
57.0  49.0  106.0  8470.105
56.0  50.0  106.0  8432.712
55.0  51.0  106.0  8321.0
54.0  52.0  106.0  8236.717
68.0  39.0  107.0  8185.0
67.0  40.0  107.0  8295.0
66.0  41.0  107.0  8378.0
65.0  42.0  107.0  8445.937
64.0  43.0  107.0  8496.195
63.0  44.0  107.0  8533.93
62.0  45.0  107.0  8554.099
61.0  46.0  107.0  8560.847
60.0  47.0  107.0  8553.854
59.0  48.0  107.0  8533.3
58.0  49.0  107.0  8493.977
57.0  50.0  107.0  8440.097
56.0  51.0  107.0  8359.0
55.0  52.0  107.0  8257.0
69.0  39.0  108.0  8138.0
68.0  40.0  108.0  8265.0
67.0  41.0  108.0  8336.0
66.0  42.0  108.0  8427.0
65.0  43.0  108.0  8463.095
64.0  44.0  108.0  8527.332
63.0  45.0  108.0  8532.555
62.0  46.0  108.0  8567.024
61.0  47.0  108.0  8541.98
60.0  48.0  108.0  8550.018
59.0  49.0  108.0  8495.212
58.0  50.0  108.0  8468.758
57.0  51.0  108.0  8373.0
56.0  52.0  108.0  8303.168
55.0  53.0  108.0  8175.0
69.0  40.0  109.0  8218.0
68.0  41.0  109.0  8310.0
67.0  42.0  109.0  8387.0
66.0  43.0  109.0  8446.498
65.0  44.0  109.0  8497.257
64.0  45.0  109.0  8528.244
63.0  46.0  109.0  8544.883
62.0  47.0  109.0  8547.944
61.0  48.0  109.0  8538.801
60.0  49.0  109.0  8513.095
59.0  50.0  109.0  8470.6
58.0  51.0  109.0  8404.89
57.0  52.0  109.0  8318.381
56.0  53.0  109.0  8219.474
70.0  40.0  110.0  8186.0
69.0  41.0  110.0  8267.0
68.0  42.0  110.0  8368.0
67.0  43.0  110.0  8410.589
66.0  44.0  110.0  8485.485
65.0  45.0  110.0  8503.774
64.0  46.0  110.0  8547.328
63.0  47.0  110.0  8532.138
62.0  48.0  110.0  8551.32
61.0  49.0  110.0  8508.954
60.0  50.0  110.0  8496.104
59.0  51.0  110.0  8414.0
58.0  52.0  110.0  8358.545
57.0  53.0  110.0  8243.0
56.0  54.0  110.0  8159.116
70.0  41.0  111.0  8238.0
69.0  42.0  111.0  8326.0
68.0  43.0  111.0  8391.82
67.0  44.0  111.0  8451.88
66.0  45.0  111.0  8496.106
65.0  46.0  111.0  8521.914
64.0  47.0  111.0  8534.834
63.0  48.0  111.0  8537.127
62.0  49.0  111.0  8522.315
61.0  50.0  111.0  8493.186
60.0  51.0  111.0  8440.583
59.0  52.0  111.0  8366.839
58.0  53.0  111.0  8283.0
57.0  54.0  111.0  8181.0
71.0  41.0  112.0  8194.0
70.0  42.0  112.0  8303.0
69.0  43.0  112.0  8360.234
68.0  44.0  112.0  8437.928
67.0  45.0  112.0  8468.958
66.0  46.0  112.0  8520.857
65.0  47.0  112.0  8516.444
64.0  48.0  112.0  8544.78
63.0  49.0  112.0  8514.72
62.0  50.0  112.0  8513.674
61.0  51.0  112.0  8443.648
60.0  52.0  112.0  8398.275
59.0  53.0  112.0  8300.0
58.0  54.0  112.0  8229.531
57.0  55.0  112.0  8100.0
72.0  41.0  113.0  8161.0
71.0  42.0  113.0  8260.0
70.0  43.0  113.0  8338.0
69.0  44.0  113.0  8405.649
68.0  45.0  113.0  8456.07
67.0  46.0  113.0  8493.477
66.0  47.0  113.0  8516.117
65.0  48.0  113.0  8527.04
64.0  49.0  113.0  8522.951
63.0  50.0  113.0  8506.854
62.0  51.0  113.0  8465.3
61.0  52.0  113.0  8404.636
60.0  53.0  113.0  8333.83
59.0  54.0  113.0  8246.942
58.0  55.0  113.0  8148.088
72.0  42.0  114.0  8233.0
71.0  43.0  114.0  8300.0
70.0  44.0  114.0  8388.0
69.0  45.0  114.0  8425.932
68.0  46.0  114.0  8488.06
67.0  47.0  114.0  8493.936
66.0  48.0  114.0  8531.565
65.0  49.0  114.0  8511.994
64.0  50.0  114.0  8522.576
63.0  51.0  114.0  8462.683
62.0  52.0  114.0  8432.778
61.0  53.0  114.0  8346.0
60.0  54.0  114.0  8289.205
59.0  55.0  114.0  8172.0
58.0  56.0  114.0  8090.038
73.0  42.0  115.0  8188.0
72.0  43.0  115.0  8275.0
71.0  44.0  115.0  8349.623
70.0  45.0  115.0  8410.472
69.0  46.0  115.0  8457.535
68.0  47.0  115.0  8490.593
67.0  48.0  115.0  8510.777
66.0  49.0  115.0  8516.549
65.0  50.0  115.0  8514.088
64.0  51.0  115.0  8480.915
63.0  52.0  115.0  8431.15
62.0  53.0  115.0  8374.564
61.0  54.0  115.0  8300.97
60.0  55.0  115.0  8216.0
59.0  56.0  115.0  8117.0
73.0  43.0  116.0  8236.0
72.0  44.0  116.0  8330.0
71.0  45.0  116.0  8377.612
70.0  46.0  116.0  8450.393
69.0  47.0  116.0  8466.122
68.0  48.0  116.0  8512.41
67.0  49.0  116.0  8501.619
66.0  50.0  116.0  8523.134
65.0  51.0  116.0  8475.813
64.0  52.0  116.0  8455.687
63.0  53.0  116.0  8381.902
62.0  54.0  116.0  8336.835
61.0  55.0  116.0  8235.0
60.0  56.0  116.0  8164.0
74.0  43.0  117.0  8210.0
73.0  44.0  117.0  8290.0
72.0  45.0  117.0  8360.0
71.0  46.0  117.0  8417.833
70.0  47.0  117.0  8460.163
69.0  48.0  117.0  8489.032
68.0  49.0  117.0  8503.882
67.0  50.0  117.0  8509.63
66.0  51.0  117.0  8487.942
65.0  52.0  117.0  8450.931
64.0  53.0  117.0  8404.395
63.0  54.0  117.0  8344.297
62.0  55.0  117.0  8271.435
61.0  56.0  117.0  8186.0
60.0  57.0  117.0  8088.0
75.0  43.0  118.0  8169.0
74.0  44.0  118.0  8270.0
73.0  45.0  118.0  8325.0
72.0  46.0  118.0  8405.874
71.0  47.0  118.0  8433.99
70.0  48.0  118.0  8487.893
69.0  49.0  118.0  8485.685
68.0  50.0  118.0  8516.561
67.0  51.0  118.0  8478.942
66.0  52.0  118.0  8469.953
65.0  53.0  118.0  8406.119
64.0  54.0  118.0  8374.981
63.0  55.0  118.0  8286.405
62.0  56.0  118.0  8229.0
61.0  57.0  118.0  8114.0
75.0  44.0  119.0  8229.0
74.0  45.0  119.0  8307.0
73.0  46.0  119.0  8371.0
72.0  47.0  119.0  8422.47
71.0  48.0  119.0  8460.854
70.0  49.0  119.0  8486.187
69.0  50.0  119.0  8499.477
68.0  51.0  119.0  8487.937
67.0  52.0  119.0  8462.094
66.0  53.0  119.0  8426.789
65.0  54.0  119.0  8378.441
64.0  55.0  119.0  8317.334
63.0  56.0  119.0  8245.928
62.0  57.0  119.0  8158.0
61.0  58.0  119.0  8060.0
76.0  44.0  120.0  8209.0
75.0  45.0  120.0  8272.0
74.0  46.0  120.0  8355.993
73.0  47.0  120.0  8395.307
72.0  48.0  120.0  8458.162
71.0  49.0  120.0  8466.318
70.0  50.0  120.0  8504.548
69.0  51.0  120.0  8475.69
68.0  52.0  120.0  8477.338
67.0  53.0  120.0  8424.027
66.0  54.0  120.0  8404.032
65.0  55.0  120.0  8328.48
64.0  56.0  120.0  8280.294
63.0  57.0  120.0  8180.0
62.0  58.0  120.0  8107.0
76.0  45.0  121.0  8252.0
75.0  46.0  121.0  8321.0
74.0  47.0  121.0  8384.464
73.0  48.0  121.0  8430.891
72.0  49.0  121.0  8463.929
71.0  50.0  121.0  8485.257
70.0  51.0  121.0  8482.023
69.0  52.0  121.0  8466.93
68.0  53.0  121.0  8441.754
67.0  54.0  121.0  8403.764
66.0  55.0  121.0  8352.899
65.0  56.0  121.0  8293.89
64.0  57.0  121.0  8218.0
63.0  58.0  121.0  8132.0
62.0  59.0  121.0  8033.0
77.0  45.0  122.0  8216.0
76.0  46.0  122.0  8307.0
75.0  47.0  122.0  8354.0
74.0  48.0  122.0  8425.233
73.0  49.0  122.0  8442.156
72.0  50.0  122.0  8487.945
71.0  51.0  122.0  8468.288
70.0  52.0  122.0  8478.137
69.0  53.0  122.0  8437.019
68.0  54.0  122.0  8424.664
67.0  55.0  122.0  8359.11
66.0  56.0  122.0  8323.756
65.0  57.0  122.0  8235.0
64.0  58.0  122.0  8173.0
63.0  59.0  122.0  8061.0
77.0  46.0  123.0  8272.0
76.0  47.0  123.0  8341.0
75.0  48.0  123.0  8394.558
74.0  49.0  123.0  8437.912
73.0  50.0  123.0  8467.278
72.0  51.0  123.0  8472.329
71.0  52.0  123.0  8465.544
70.0  53.0  123.0  8449.195
69.0  54.0  123.0  8420.926
68.0  55.0  123.0  8380.379
67.0  56.0  123.0  8330.208
66.0  57.0  123.0  8267.0
65.0  58.0  123.0  8192.0
64.0  59.0  123.0  8105.0
78.0  46.0  124.0  8255.0
77.0  47.0  124.0  8311.0
76.0  48.0  124.0  8387.108
75.0  49.0  124.0  8414.396
74.0  50.0  124.0  8467.441
73.0  51.0  124.0  8456.161
72.0  52.0  124.0  8473.273
71.0  53.0  124.0  8441.483
70.0  54.0  124.0  8437.554
69.0  55.0  124.0  8383.432
68.0  56.0  124.0  8355.82
67.0  57.0  124.0  8278.292
66.0  58.0  124.0  8228.0
65.0  59.0  124.0  8128.0
64.0  60.0  124.0  8052.0
78.0  47.0  125.0  8296.0
77.0  48.0  125.0  8357.764
76.0  49.0  125.0  8408.482
75.0  50.0  125.0  8445.567
74.0  51.0  125.0  8458.164
73.0  52.0  125.0  8458.039
72.0  53.0  125.0  8450.294
71.0  54.0  125.0  8430.88
70.0  55.0  125.0  8399.785
69.0  56.0  125.0  8358.17
68.0  57.0  125.0  8304.642
67.0  58.0  125.0  8242.0
66.0  59.0  125.0  8165.0
65.0  60.0  125.0  8077.0
79.0  47.0  126.0  8264.0
78.0  48.0  126.0  8347.307
77.0  49.0  126.0  8384.638
76.0  50.0  126.0  8443.564
75.0  51.0  126.0  8440.355
74.0  52.0  126.0  8463.242
73.0  53.0  126.0  8439.937
72.0  54.0  126.0  8443.712
71.0  55.0  126.0  8399.221
70.0  56.0  126.0  8379.718
69.0  57.0  126.0  8312.426
68.0  58.0  126.0  8273.257
67.0  59.0  126.0  8183.0
66.0  60.0  126.0  8119.0
65.0  61.0  126.0  8007.0
80.0  47.0  127.0  8246.0
79.0  48.0  127.0  8315.132
78.0  49.0  127.0  8375.649
77.0  50.0  127.0  8420.78
76.0  51.0  127.0  8439.824
75.0  52.0  127.0  8446.113
74.0  53.0  127.0  8445.481
73.0  54.0  127.0  8434.105
72.0  55.0  127.0  8411.561
71.0  56.0  127.0  8378.437
70.0  57.0  127.0  8333.538
69.0  58.0  127.0  8280.762
68.0  59.0  127.0  8215.0
67.0  60.0  127.0  8138.0
66.0  61.0  127.0  8050.0
81.0  47.0  128.0  8212.0
80.0  48.0  128.0  8303.632
79.0  49.0  128.0  8352.755
78.0  50.0  128.0  8416.765
77.0  51.0  128.0  8420.605
76.0  52.0  128.0  8448.74
75.0  53.0  128.0  8432.829
74.0  54.0  128.0  8443.296
73.0  55.0  128.0  8406.491
72.0  56.0  128.0  8396.24
71.0  57.0  128.0  8337.24
70.0  58.0  128.0  8306.925
69.0  59.0  128.0  8228.913
68.0  60.0  128.0  8175.0
67.0  61.0  128.0  8074.0
66.0  62.0  128.0  7997.0
82.0  47.0  129.0  8193.0
81.0  48.0  129.0  8270.0
80.0  49.0  129.0  8339.564
79.0  50.0  129.0  8392.84
78.0  51.0  129.0  8418.046
77.0  52.0  129.0  8430.396
76.0  53.0  129.0  8435.96
75.0  54.0  129.0  8431.4
74.0  55.0  129.0  8416.056
73.0  56.0  129.0  8391.109
72.0  57.0  129.0  8356.064
71.0  58.0  129.0  8310.94
70.0  59.0  129.0  8254.38
69.0  60.0  129.0  8190.0
68.0  61.0  129.0  8112.0
67.0  62.0  129.0  8023.0
83.0  47.0  130.0  8144.0
82.0  48.0  130.0  8256.066
81.0  49.0  130.0  8314.048
80.0  50.0  130.0  8386.868
79.0  51.0  130.0  8397.409
78.0  52.0  130.0  8430.312
77.0  53.0  130.0  8421.071
76.0  54.0  130.0  8437.74
75.0  55.0  130.0  8408.789
74.0  56.0  130.0  8405.549
73.0  57.0  130.0  8356.196
72.0  58.0  130.0  8333.216
71.0  59.0  130.0  8263.756
70.0  60.0  130.0  8222.513
69.0  61.0  130.0  8131.0
68.0  62.0  130.0  8064.0
67.0  63.0  130.0  7953.0
83.0  48.0  131.0  8207.0
82.0  49.0  131.0  8298.814
81.0  50.0  131.0  8362.896
80.0  51.0  131.0  8392.602
79.0  52.0  131.0  8411.221
78.0  53.0  131.0  8422.309
77.0  54.0  131.0  8423.748
76.0  55.0  131.0  8415.063
75.0  56.0  131.0  8398.587
74.0  57.0  131.0  8370.367
73.0  58.0  131.0  8333.449
72.0  59.0  131.0  8285.972
71.0  60.0  131.0  8230.311
70.0  61.0  131.0  8163.0
69.0  62.0  131.0  8084.0
68.0  63.0  131.0  7995.0
84.0  48.0  132.0  8171.0
83.0  49.0  132.0  8253.773
82.0  50.0  132.0  8354.93
81.0  51.0  132.0  8372.634
80.0  52.0  132.0  8408.44
79.0  53.0  132.0  8406.435
78.0  54.0  132.0  8427.633
77.0  55.0  132.0  8405.612
76.0  56.0  132.0  8409.373
75.0  57.0  132.0  8367.881
74.0  58.0  132.0  8352.362
73.0  59.0  132.0  8291.431
72.0  60.0  132.0  8256.81
71.0  61.0  132.0  8177.0
70.0  62.0  132.0  8122.0
69.0  63.0  132.0  8020.0
84.0  49.0  133.0  8219.0
83.0  50.0  133.0  8310.68
82.0  51.0  133.0  8364.873
81.0  52.0  133.0  8389.081
80.0  53.0  133.0  8405.319
79.0  54.0  133.0  8412.647
78.0  55.0  133.0  8409.978
77.0  56.0  133.0  8400.205
76.0  57.0  133.0  8378.841
75.0  58.0  133.0  8349.867
74.0  59.0  133.0  8310.258
73.0  60.0  133.0  8262.231
72.0  61.0  133.0  8204.283
71.0  62.0  133.0  8136.0
70.0  63.0  133.0  8056.0
85.0  49.0  134.0  8173.0
84.0  50.0  134.0  8277.873
83.0  51.0  134.0  8327.034
82.0  52.0  134.0  8383.836
81.0  53.0  134.0  8389.288
80.0  54.0  134.0  8413.689
79.0  55.0  134.0  8398.646
78.0  56.0  134.0  8408.171
77.0  57.0  134.0  8374.488
76.0  58.0  134.0  8365.794
75.0  59.0  134.0  8312.777
74.0  60.0  134.0  8285.538
73.0  61.0  134.0  8213.225
72.0  62.0  134.0  8168.0
71.0  63.0  134.0  8075.0
70.0  64.0  134.0  8008.0
86.0  49.0  135.0  8137.0
85.0  50.0  135.0  8232.0
84.0  51.0  135.0  8292.117
83.0  52.0  135.0  8346.47
82.0  53.0  135.0  8384.838
81.0  54.0  135.0  8398.505
80.0  55.0  135.0  8401.338
79.0  56.0  135.0  8397.533
78.0  57.0  135.0  8382.849
77.0  58.0  135.0  8362.049
76.0  59.0  135.0  8328.928
75.0  60.0  135.0  8288.154
74.0  61.0  135.0  8236.165
73.0  62.0  135.0  8177.626
72.0  63.0  135.0  8108.0
71.0  64.0  135.0  8028.0
86.0  50.0  136.0  8199.0
85.0  51.0  136.0  8255.0
84.0  52.0  136.0  8319.429
83.0  53.0  136.0  8350.986
82.0  54.0  136.0  8396.158
81.0  55.0  136.0  8389.77
80.0  56.0  136.0  8402.755
79.0  57.0  136.0  8376.046
78.0  58.0  136.0  8373.466
77.0  59.0  136.0  8329.911
76.0  60.0  136.0  8308.512
75.0  61.0  136.0  8243.926
74.0  62.0  136.0  8205.916
73.0  63.0  136.0  8123.0
72.0  64.0  136.0  8064.0
71.0  65.0  136.0  7962.0
87.0  50.0  137.0  8153.0
86.0  51.0  137.0  8220.0
85.0  52.0  137.0  8282.114
84.0  53.0  137.0  8327.072
83.0  54.0  137.0  8364.256
82.0  55.0  137.0  8388.956
81.0  56.0  137.0  8391.827
80.0  57.0  137.0  8381.586
79.0  58.0  137.0  8366.955
78.0  59.0  137.0  8341.528
77.0  60.0  137.0  8309.561
76.0  61.0  137.0  8263.651
75.0  62.0  137.0  8213.798
74.0  63.0  137.0  8150.0
73.0  64.0  137.0  8080.0
72.0  65.0  137.0  7999.0
87.0  51.0  138.0  8182.0
86.0  52.0  138.0  8254.0
85.0  53.0  138.0  8294.988
84.0  54.0  138.0  8345.985
83.0  55.0  138.0  8360.146
82.0  56.0  138.0  8393.42
81.0  57.0  138.0  8375.164
80.0  58.0  138.0  8377.059
79.0  59.0  138.0  8339.238
78.0  60.0  138.0  8325.5
77.0  61.0  138.0  8268.543
76.0  62.0  138.0  8237.928
75.0  63.0  138.0  8161.62
74.0  64.0  138.0  8113.0
73.0  65.0  138.0  8019.0
72.0  66.0  138.0  7950.0
88.0  51.0  139.0  8146.0
87.0  52.0  139.0  8216.0
86.0  53.0  139.0  8268.249
85.0  54.0  139.0  8311.585
84.0  55.0  139.0  8342.338
83.0  56.0  139.0  8367.017
82.0  57.0  139.0  8378.063
81.0  58.0  139.0  8370.428
80.0  59.0  139.0  8349.482
79.0  60.0  139.0  8323.482
78.0  61.0  139.0  8285.514
77.0  62.0  139.0  8243.078
76.0  63.0  139.0  8187.218
75.0  64.0  139.0  8125.0
74.0  65.0  139.0  8052.0
73.0  66.0  139.0  7971.0
88.0  52.0  140.0  8188.0
87.0  53.0  140.0  8234.0
86.0  54.0  140.0  8290.919
85.0  55.0  140.0  8314.331
84.0  56.0  140.0  8353.174
83.0  57.0  140.0  8355.083
82.0  58.0  140.0  8376.368
81.0  59.0  140.0  8346.58
80.0  60.0  140.0  8337.824
79.0  61.0  140.0  8289.056
78.0  62.0  140.0  8263.82
77.0  63.0  140.0  8197.732
76.0  64.0  140.0  8154.975
75.0  65.0  140.0  8068.672
74.0  66.0  140.0  8008.0
73.0  67.0  140.0  7906.0
89.0  52.0  141.0  8148.0
88.0  53.0  141.0  8206.0
87.0  54.0  141.0  8256.283
86.0  55.0  141.0  8294.351
85.0  56.0  141.0  8326.028
84.0  57.0  141.0  8343.264
83.0  58.0  141.0  8355.459
82.0  59.0  141.0  8354.029
81.0  60.0  141.0  8335.552
80.0  61.0  141.0  8303.94
79.0  62.0  141.0  8265.879
78.0  63.0  141.0  8217.691
77.0  64.0  141.0  8164.608
76.0  65.0  141.0  8097.475
75.0  66.0  141.0  8027.0
74.0  67.0  141.0  7943.0
90.0  52.0  142.0  8119.0
89.0  53.0  142.0  8172.0
88.0  54.0  142.0  8234.897
87.0  55.0  142.0  8264.881
86.0  56.0  142.0  8310.836
85.0  57.0  142.0  8320.902
84.0  58.0  142.0  8347.108
83.0  59.0  142.0  8336.347
82.0  60.0  142.0  8346.066
81.0  61.0  142.0  8306.766
80.0  62.0  142.0  8286.017
79.0  63.0  142.0  8226.472
78.0  64.0  142.0  8190.256
77.0  65.0  142.0  8115.0
76.0  66.0  142.0  8060.0
75.0  67.0  142.0  7966.0
90.0  53.0  143.0  8142.0
89.0  54.0  143.0  8199.0
88.0  55.0  143.0  8243.641
87.0  56.0  143.0  8281.977
86.0  57.0  143.0  8306.235
85.0  58.0  143.0  8324.715
84.0  59.0  143.0  8329.464
83.0  60.0  143.0  8330.524
82.0  61.0  143.0  8317.769
81.0  62.0  143.0  8288.224
80.0  63.0  143.0  8245.824
79.0  64.0  143.0  8198.326
78.0  65.0  143.0  8138.323
77.0  66.0  143.0  8076.0
76.0  67.0  143.0  8000.0
75.0  68.0  143.0  7919.0
91.0  53.0  144.0  8107.0
90.0  54.0  144.0  8176.0
89.0  55.0  144.0  8211.879
88.0  56.0  144.0  8265.467
87.0  57.0  144.0  8281.725
86.0  58.0  144.0  8314.795
85.0  59.0  144.0  8311.575
84.0  60.0  144.0  8326.959
83.0  61.0  144.0  8305.331
82.0  62.0  144.0  8303.723
81.0  63.0  144.0  8254.191
80.0  64.0  144.0  8221.937
79.0  65.0  144.0  8151.287
78.0  66.0  144.0  8105.69
77.0  67.0  144.0  8021.0
76.0  68.0  144.0  7958.0
91.0  54.0  145.0  8139.0
90.0  55.0  145.0  8188.751
89.0  56.0  145.0  8234.1
88.0  57.0  145.0  8267.131
87.0  58.0  145.0  8290.081
86.0  59.0  145.0  8302.168
85.0  60.0  145.0  8309.223
84.0  61.0  145.0  8302.701
83.0  62.0  145.0  8293.057
82.0  63.0  145.0  8269.321
81.0  64.0  145.0  8228.953
80.0  65.0  145.0  8174.961
79.0  66.0  145.0  8117.202
78.0  67.0  145.0  8049.0
77.0  68.0  145.0  7978.0
76.0  69.0  145.0  7891.0
92.0  54.0  146.0  8115.0
91.0  55.0  146.0  8157.557
90.0  56.0  146.0  8216.445
89.0  57.0  146.0  8239.325
88.0  58.0  146.0  8278.847
87.0  59.0  146.0  8280.6
86.0  60.0  146.0  8304.127
85.0  61.0  146.0  8288.692
84.0  62.0  146.0  8293.895
83.0  63.0  146.0  8261.964
82.0  64.0  146.0  8249.557
81.0  65.0  146.0  8187.186
80.0  66.0  146.0  8146.107
79.0  67.0  146.0  8065.0
78.0  68.0  146.0  8013.0
77.0  69.0  146.0  7916.0
93.0  54.0  147.0  8078.0
92.0  55.0  147.0  8132.475
91.0  56.0  147.0  8186.0
90.0  57.0  147.0  8222.709
89.0  58.0  147.0  8252.628
88.0  59.0  147.0  8270.612
87.0  60.0  147.0  8283.638
86.0  61.0  147.0  8284.411
85.0  62.0  147.0  8280.614
84.0  63.0  147.0  8263.58
83.0  64.0  147.0  8243.378
82.0  65.0  147.0  8206.688
81.0  66.0  147.0  8156.712
80.0  67.0  147.0  8094.584
79.0  68.0  147.0  8029.0
78.0  69.0  147.0  7951.0
93.0  55.0  148.0  8100.195
92.0  56.0  148.0  8167.277
91.0  57.0  148.0  8196.551
90.0  58.0  148.0  8240.335
89.0  59.0  148.0  8249.508
88.0  60.0  148.0  8277.213
87.0  61.0  148.0  8268.268
86.0  62.0  148.0  8279.673
85.0  63.0  148.0  8253.849
84.0  64.0  148.0  8248.382
83.0  65.0  148.0  8204.344
82.0  66.0  148.0  8180.943
81.0  67.0  148.0  8109.142
80.0  68.0  148.0  8061.0
79.0  69.0  148.0  7972.0
78.0  70.0  148.0  7906.0
94.0  55.0  149.0  8077.0
93.0  56.0  149.0  8136.0
92.0  57.0  149.0  8180.0
91.0  58.0  149.0  8214.397
90.0  59.0  149.0  8238.418
89.0  60.0  149.0  8255.479
88.0  61.0  149.0  8261.573
87.0  62.0  149.0  8263.508
86.0  63.0  149.0  8253.59
85.0  64.0  149.0  8239.527
84.0  65.0  149.0  8209.864
83.0  66.0  149.0  8179.238
82.0  67.0  149.0  8133.54
81.0  68.0  149.0  8074.955
80.0  69.0  149.0  8005.0
79.0  70.0  149.0  7929.0
95.0  55.0  150.0  8044.0
94.0  56.0  150.0  8117.0
93.0  57.0  150.0  8154.0
92.0  58.0  150.0  8200.968
91.0  59.0  150.0  8218.952
90.0  60.0  150.0  8249.643
89.0  61.0  150.0  8243.852
88.0  62.0  150.0  8261.663
87.0  63.0  150.0  8241.38
86.0  64.0  150.0  8242.641
85.0  65.0  150.0  8206.371
84.0  66.0  150.0  8189.198
83.0  67.0  150.0  8134.855
82.0  68.0  150.0  8102.206
81.0  69.0  150.0  8022.0
80.0  70.0  150.0  7964.0
79.0  71.0  150.0  7867.0
96.0  55.0  151.0  8020.0
95.0  56.0  151.0  8085.0
94.0  57.0  151.0  8136.0
93.0  58.0  151.0  8178.103
92.0  59.0  151.0  8207.823
91.0  60.0  151.0  8230.338
90.0  61.0  151.0  8241.331
89.0  62.0  151.0  8244.012
88.0  63.0  151.0  8239.339
87.0  64.0  151.0  8231.084
86.0  65.0  151.0  8208.913
85.0  66.0  151.0  8184.719
84.0  67.0  151.0  8145.588
83.0  68.0  151.0  8104.869
82.0  69.0  151.0  8050.124
81.0  70.0  151.0  7983.765
80.0  71.0  151.0  7903.0
96.0  56.0  152.0  8063.0
95.0  57.0  152.0  8107.0
94.0  58.0  152.0  8162.0
93.0  59.0  152.0  8187.433
92.0  60.0  152.0  8224.062
91.0  61.0  152.0  8226.18
90.0  62.0  152.0  8244.102
89.0  63.0  152.0  8226.624
88.0  64.0  152.0  8233.449
87.0  65.0  152.0  8202.052
86.0  66.0  152.0  8192.959
85.0  67.0  152.0  8144.942
84.0  68.0  152.0  8119.347
83.0  69.0  152.0  8056.769
82.0  70.0  152.0  8015.668
81.0  71.0  152.0  7926.0
97.0  56.0  153.0  8031.0
96.0  57.0  153.0  8087.0
95.0  58.0  153.0  8137.0
94.0  59.0  153.0  8172.43
93.0  60.0  153.0  8204.702
92.0  61.0  153.0  8221.392
91.0  62.0  153.0  8228.574
90.0  63.0  153.0  8228.74
89.0  64.0  153.0  8220.465
88.0  65.0  153.0  8205.093
87.0  66.0  153.0  8185.793
86.0  67.0  153.0  8153.684
85.0  68.0  153.0  8118.954
84.0  69.0  153.0  8071.536
83.0  70.0  153.0  8021.0
82.0  71.0  153.0  7959.3
81.0  72.0  153.0  7882.0
97.0  57.0  154.0  8057.0
96.0  58.0  154.0  8119.0
95.0  59.0  154.0  8149.519
94.0  60.0  154.0  8193.075
93.0  61.0  154.0  8206.221
92.0  62.0  154.0  8226.876
91.0  63.0  154.0  8217.139
90.0  64.0  154.0  8224.843
89.0  65.0  154.0  8196.703
88.0  66.0  154.0  8193.157
87.0  67.0  154.0  8150.713
86.0  68.0  154.0  8132.438
85.0  69.0  154.0  8074.222
84.0  70.0  154.0  8039.95
83.0  71.0  154.0  7968.0
82.0  72.0  154.0  7918.0
98.0  57.0  155.0  8034.0
97.0  58.0  155.0  8091.0
96.0  59.0  155.0  8133.0
95.0  60.0  155.0  8172.0
94.0  61.0  155.0  8195.511
93.0  62.0  155.0  8211.264
92.0  63.0  155.0  8216.715
91.0  64.0  155.0  8213.297
90.0  65.0  155.0  8202.942
89.0  66.0  155.0  8184.382
88.0  67.0  155.0  8159.204
87.0  68.0  155.0  8129.484
86.0  69.0  155.0  8088.436
85.0  70.0  155.0  8043.828
84.0  71.0  155.0  7987.495
83.0  72.0  155.0  7928.0
82.0  73.0  155.0  7856.0
98.0  58.0  156.0  8071.0
97.0  59.0  156.0  8108.0
96.0  60.0  156.0  8158.429
95.0  61.0  156.0  8177.068
94.0  62.0  156.0  8205.066
93.0  63.0  156.0  8204.682
92.0  64.0  156.0  8215.368
91.0  65.0  156.0  8194.682
90.0  66.0  156.0  8192.439
89.0  67.0  156.0  8154.249
88.0  68.0  156.0  8141.915
87.0  69.0  156.0  8089.637
86.0  70.0  156.0  8061.703
85.0  71.0  156.0  7995.697
84.0  72.0  156.0  7952.876
83.0  73.0  156.0  7871.0
99.0  58.0  157.0  8041.0
98.0  59.0  157.0  8089.0
97.0  60.0  157.0  8134.0
96.0  61.0  157.0  8164.631
95.0  62.0  157.0  8187.419
94.0  63.0  157.0  8199.85
93.0  64.0  157.0  8203.55
92.0  65.0  157.0  8198.184
91.0  66.0  157.0  8184.648
90.0  67.0  157.0  8163.111
89.0  68.0  157.0  8136.414
88.0  69.0  157.0  8101.428
87.0  70.0  157.0  8062.894
86.0  71.0  157.0  8013.588
85.0  72.0  157.0  7959.0
84.0  73.0  157.0  7896.268
99.0  59.0  158.0  8062.0
98.0  60.0  158.0  8119.0
97.0  61.0  158.0  8143.276
96.0  62.0  158.0  8177.059
95.0  63.0  158.0  8184.759
94.0  64.0  158.0  8201.865
93.0  65.0  158.0  8189.195
92.0  66.0  158.0  8190.16
91.0  67.0  158.0  8158.493
90.0  68.0  158.0  8147.926
89.0  69.0  158.0  8101.199
88.0  70.0  158.0  8079.232
87.0  71.0  158.0  8018.581
86.0  72.0  158.0  7981.286
85.0  73.0  158.0  7906.0
84.0  74.0  158.0  7855.0
100.0  59.0  159.0  8042.0
99.0  60.0  159.0  8092.0
98.0  61.0  159.0  8129.0
97.0  62.0  159.0  8157.53
96.0  63.0  159.0  8176.76
95.0  64.0  159.0  8187.659
94.0  65.0  159.0  8188.842
93.0  66.0  159.0  8181.623
92.0  67.0  159.0  8165.145
91.0  68.0  159.0  8142.813
90.0  69.0  159.0  8112.754
89.0  70.0  159.0  8078.101
88.0  71.0  159.0  8034.64
87.0  72.0  159.0  7986.566
86.0  73.0  159.0  7928.783
85.0  74.0  159.0  7866.0
100.0  60.0  160.0  8074.0
99.0  61.0  160.0  8105.0
98.0  62.0  160.0  8146.0
97.0  63.0  160.0  8159.0
96.0  64.0  160.0  8183.057
95.0  65.0  160.0  8177.507
94.0  66.0  160.0  8184.087
93.0  67.0  160.0  8158.635
92.0  68.0  160.0  8151.685
91.0  69.0  160.0  8110.82
90.0  70.0  160.0  8092.601
89.0  71.0  160.0  8038.338
88.0  72.0  160.0  8006.369
87.0  73.0  160.0  7938.593
86.0  74.0  160.0  7892.993
85.0  75.0  160.0  7809.0
101.0  60.0  161.0  8047.0
100.0  61.0  161.0  8088.0
99.0  62.0  161.0  8124.0
98.0  63.0  161.0  8149.0
97.0  64.0  161.0  8167.233
96.0  65.0  161.0  8174.52
95.0  66.0  161.0  8173.344
94.0  67.0  161.0  8163.153
93.0  68.0  161.0  8145.91
92.0  69.0  161.0  8120.49
91.0  70.0  161.0  8090.447
90.0  71.0  161.0  8052.781
89.0  72.0  161.0  8009.142
88.0  73.0  161.0  7957.0
87.0  74.0  161.0  7901.0
86.0  75.0  161.0  7836.532
101.0  61.0  162.0  8063.0
100.0  62.0  162.0  8110.0
99.0  63.0  162.0  8129.0
98.0  64.0  162.0  8159.077
97.0  65.0  162.0  8162.853
96.0  66.0  162.0  8173.49
95.0  67.0  162.0  8155.452
94.0  68.0  162.0  8152.447
93.0  69.0  162.0  8117.624
92.0  70.0  162.0  8102.597
91.0  71.0  162.0  8054.59
90.0  72.0  162.0  8027.145
89.0  73.0  162.0  7964.348
88.0  74.0  162.0  7923.837
87.0  75.0  162.0  7847.0
86.0  76.0  162.0  7794.0
102.0  61.0  163.0  8043.0
101.0  62.0  163.0  8086.0
100.0  63.0  163.0  8116.0
99.0  64.0  163.0  8141.0
98.0  65.0  163.0  8155.666
97.0  66.0  163.0  8161.818
96.0  67.0  163.0  8157.002
95.0  68.0  163.0  8144.78
94.0  69.0  163.0  8125.017
93.0  70.0  163.0  8099.17
92.0  71.0  163.0  8066.684
91.0  72.0  163.0  8028.11
90.0  73.0  163.0  7981.929
89.0  74.0  163.0  7930.308
88.0  75.0  163.0  7870.893
87.0  76.0  163.0  7805.0
102.0  62.0  164.0  8069.0
101.0  63.0  164.0  8095.0
100.0  64.0  164.0  8130.0
99.0  65.0  164.0  8139.797
98.0  66.0  164.0  8158.746
97.0  67.0  164.0  8147.963
96.0  68.0  164.0  8149.061
95.0  69.0  164.0  8119.528
94.0  70.0  164.0  8109.478
93.0  71.0  164.0  8065.803
92.0  72.0  164.0  8043.833
91.0  73.0  164.0  7986.997
90.0  74.0  164.0  7951.44
89.0  75.0  164.0  7882.0
88.0  76.0  164.0  7833.52
87.0  77.0  164.0  7748.0
103.0  62.0  165.0  8043.0
102.0  63.0  165.0  8079.0
101.0  64.0  165.0  8110.0
100.0  65.0  165.0  8131.0
99.0  66.0  165.0  8143.942
98.0  67.0  165.0  8146.998
97.0  68.0  165.0  8139.976
96.0  69.0  165.0  8125.584
95.0  70.0  165.0  8104.79
94.0  71.0  165.0  8076.745
93.0  72.0  165.0  8042.872
92.0  73.0  165.0  8003.098
91.0  74.0  165.0  7955.974
90.0  75.0  165.0  7901.504
89.0  76.0  165.0  7842.0
88.0  77.0  165.0  7777.0
103.0  63.0  166.0  8055.0
102.0  64.0  166.0  8097.0
101.0  65.0  166.0  8112.929
100.0  66.0  166.0  8137.313
99.0  67.0  166.0  8135.532
98.0  68.0  166.0  8141.992
97.0  69.0  166.0  8118.98
96.0  70.0  166.0  8112.427
95.0  71.0  166.0  8074.175
94.0  72.0  166.0  8056.438
93.0  73.0  166.0  8004.971
92.0  74.0  166.0  7974.921
91.0  75.0  166.0  7910.0
90.0  76.0  166.0  7866.378
89.0  77.0  166.0  7788.0
88.0  78.0  166.0  7733.0
104.0  63.0  167.0  8037.0
103.0  64.0  167.0  8075.0
102.0  65.0  167.0  8101.0
101.0  66.0  167.0  8121.028
100.0  67.0  167.0  8130.415
99.0  68.0  167.0  8131.779
98.0  69.0  167.0  8122.613
97.0  70.0  167.0  8106.226
96.0  71.0  167.0  8083.021
95.0  72.0  167.0  8054.184
94.0  73.0  167.0  8018.861
93.0  74.0  167.0  7976.676
92.0  75.0  167.0  7929.0
91.0  76.0  167.0  7873.979
90.0  77.0  167.0  7812.863
89.0  78.0  167.0  7745.0
104.0  64.0  168.0  8060.0
103.0  65.0  168.0  8081.0
102.0  66.0  168.0  8112.563
101.0  67.0  168.0  8116.85
100.0  68.0  168.0  8129.634
99.0  69.0  168.0  8114.982
98.0  70.0  168.0  8111.855
97.0  71.0  168.0  8080.35
96.0  72.0  168.0  8065.553
95.0  73.0  168.0  8019.428
94.0  74.0  168.0  7993.916
93.0  75.0  168.0  7935.12
92.0  76.0  168.0  7895.914
91.0  77.0  168.0  7824.0
90.0  78.0  168.0  7773.784
105.0  64.0  169.0  8035.0
104.0  65.0  169.0  8067.0
103.0  66.0  169.0  8094.798
102.0  67.0  169.0  8109.103
101.0  68.0  169.0  8117.052
100.0  69.0  169.0  8114.501
99.0  70.0  169.0  8104.489
98.0  71.0  169.0  8086.292
97.0  72.0  169.0  8061.778
96.0  73.0  169.0  8030.957
95.0  74.0  169.0  7994.537
94.0  75.0  169.0  7951.257
93.0  76.0  169.0  7901.276
92.0  77.0  169.0  7845.521
91.0  78.0  169.0  7783.0
90.0  79.0  169.0  7716.0
105.0  65.0  170.0  8045.0
104.0  66.0  170.0  8083.0
103.0  67.0  170.0  8093.831
102.0  68.0  170.0  8111.994
101.0  69.0  170.0  8105.545
100.0  70.0  170.0  8106.639
99.0  71.0  170.0  8081.691
98.0  72.0  170.0  8070.875
97.0  73.0  170.0  8030.296
96.0  74.0  170.0  8008.962
95.0  75.0  170.0  7955.092
94.0  76.0  170.0  7921.137
93.0  77.0  170.0  7854.0
92.0  78.0  170.0  7808.273
91.0  79.0  170.0  7729.0
106.0  65.0  171.0  8028.0
105.0  66.0  171.0  8062.0
104.0  67.0  171.0  8083.642
103.0  68.0  171.0  8097.781
102.0  69.0  171.0  8101.923
101.0  70.0  171.0  8097.913
100.0  71.0  171.0  8084.691
99.0  72.0  171.0  8066.068
98.0  73.0  171.0  8039.791
97.0  74.0  171.0  8008.115
96.0  75.0  171.0  7969.412
95.0  76.0  171.0  7924.152
94.0  77.0  171.0  7873.595
93.0  78.0  171.0  7816.624
92.0  79.0  171.0  7754.121
91.0  80.0  171.0  7685.0
106.0  66.0  172.0  8049.0
105.0  67.0  172.0  8065.0
104.0  68.0  172.0  8090.444
103.0  69.0  172.0  8091.073
102.0  70.0  172.0  8097.457
101.0  71.0  172.0  8078.263
100.0  72.0  172.0  8071.751
99.0  73.0  172.0  8037.705
98.0  74.0  172.0  8020.175
97.0  75.0  172.0  7971.592
96.0  76.0  172.0  7942.129
95.0  77.0  172.0  7881.0
94.0  78.0  172.0  7839.212
93.0  79.0  172.0  7766.0
92.0  80.0  172.0  7713.757
107.0  66.0  173.0  8026.0
106.0  67.0  173.0  8052.0
105.0  68.0  173.0  8074.0
104.0  69.0  173.0  8084.479
103.0  70.0  173.0  8087.456
102.0  71.0  173.0  8079.058
101.0  72.0  173.0  8066.016
100.0  73.0  173.0  8044.064
99.0  74.0  173.0  8018.333
98.0  75.0  173.0  7983.906
97.0  76.0  173.0  7944.033
96.0  77.0  173.0  7898.087
95.0  78.0  173.0  7845.413
94.0  79.0  173.0  7788.163
93.0  80.0  173.0  7724.0
107.0  67.0  174.0  8032.0
106.0  68.0  174.0  8064.0
105.0  69.0  174.0  8070.672
104.0  70.0  174.0  8083.876
103.0  71.0  174.0  8071.482
102.0  72.0  174.0  8068.545
101.0  73.0  174.0  8040.452
100.0  74.0  174.0  8027.256
99.0  75.0  174.0  7985.094
98.0  76.0  174.0  7959.466
97.0  77.0  174.0  7902.513
96.0  78.0  174.0  7866.122
95.0  79.0  174.0  7798.0
94.0  80.0  174.0  7749.821
108.0  67.0  175.0  8016.0
107.0  68.0  175.0  8045.0
106.0  69.0  175.0  8061.795
105.0  70.0  175.0  8070.954
104.0  71.0  175.0  8069.169
103.0  72.0  175.0  8060.774
102.0  73.0  175.0  8044.445
101.0  74.0  175.0  8024.112
100.0  75.0  175.0  7994.816
99.0  76.0  175.0  7960.725
98.0  77.0  175.0  7918.105
97.0  78.0  175.0  7869.415
96.0  79.0  175.0  7817.818
95.0  80.0  175.0  7759.325
108.0  68.0  176.0  8033.0
107.0  69.0  176.0  8045.137
106.0  70.0  176.0  8064.1
105.0  71.0  176.0  8059.049
104.0  72.0  176.0  8061.366
103.0  73.0  176.0  8038.67
102.0  74.0  176.0  8030.112
101.0  75.0  176.0  7993.97
100.0  76.0  176.0  7972.678
99.0  77.0  176.0  7921.433
98.0  78.0  176.0  7888.958
97.0  79.0  176.0  7825.0
96.0  80.0  176.0  7782.632
95.0  81.0  176.0  7708.0
109.0  68.0  177.0  8013.0
108.0  69.0  177.0  8035.0
107.0  70.0  177.0  8049.989
106.0  71.0  177.0  8053.478
105.0  72.0  177.0  8051.886
104.0  73.0  177.0  8040.878
103.0  74.0  177.0  8025.035
102.0  75.0  177.0  8001.222
101.0  76.0  177.0  7972.397
100.0  77.0  177.0  7934.632
99.0  78.0  177.0  7892.489
98.0  79.0  177.0  7843.887
97.0  80.0  177.0  7789.922
96.0  81.0  177.0  7732.096
109.0  69.0  178.0  8016.0
108.0  70.0  178.0  8042.857
107.0  71.0  178.0  8042.083
106.0  72.0  178.0  8049.493
105.0  73.0  178.0  8034.216
104.0  74.0  178.0  8029.308
103.0  75.0  178.0  7998.157
102.0  76.0  178.0  7981.923
101.0  77.0  178.0  7936.549
100.0  78.0  178.0  7908.255
99.0  79.0  178.0  7849.524
98.0  80.0  178.0  7811.368
97.0  81.0  178.0  7742.0
96.0  82.0  178.0  7690.866
110.0  69.0  179.0  8002.0
109.0  70.0  179.0  8025.0
108.0  71.0  179.0  8035.102
107.0  72.0  179.0  8038.596
106.0  73.0  179.0  8033.636
105.0  74.0  179.0  8023.328
104.0  75.0  179.0  8003.776
103.0  76.0  179.0  7979.483
102.0  77.0  179.0  7947.5
101.0  78.0  179.0  7910.651
100.0  79.0  179.0  7865.433
99.0  80.0  179.0  7816.199
98.0  81.0  179.0  7763.666
97.0  82.0  179.0  7702.0
110.0  70.0  180.0  8014.0
109.0  71.0  180.0  8022.088
108.0  72.0  180.0  8034.981
107.0  73.0  180.0  8025.9
106.0  74.0  180.0  8025.488
105.0  75.0  180.0  8000.004
104.0  76.0  180.0  7987.431
103.0  77.0  180.0  7947.633
102.0  78.0  180.0  7923.611
101.0  79.0  180.0  7870.156
100.0  80.0  180.0  7836.078
99.0  81.0  180.0  7771.0
98.0  82.0  180.0  7725.688
111.0  70.0  181.0  7994.0
110.0  71.0  181.0  8012.0
109.0  72.0  181.0  8022.052
108.0  73.0  181.0  8023.418
107.0  74.0  181.0  8018.059
106.0  75.0  181.0  8004.11
105.0  76.0  181.0  7983.442
104.0  77.0  181.0  7956.572
103.0  78.0  181.0  7924.088
102.0  79.0  181.0  7883.835
101.0  80.0  181.0  7839.679
100.0  81.0  181.0  7791.931
99.0  82.0  181.0  7734.258
111.0  71.0  182.0  7996.0
110.0  72.0  182.0  8014.886
109.0  73.0  182.0  8012.647
108.0  74.0  182.0  8018.316
107.0  75.0  182.0  7998.633
106.0  76.0  182.0  7989.728
105.0  77.0  182.0  7954.894
104.0  78.0  182.0  7934.758
103.0  79.0  182.0  7887.226
102.0  80.0  182.0  7856.968
101.0  81.0  182.0  7796.487
100.0  82.0  182.0  7756.338
112.0  71.0  183.0  7984.0
111.0  72.0  183.0  8000.045
110.0  73.0  183.0  8006.753
109.0  74.0  183.0  8008.33
108.0  75.0  183.0  8001.017
107.0  76.0  183.0  7985.002
106.0  77.0  183.0  7961.79
105.0  78.0  183.0  7933.336
104.0  79.0  183.0  7898.538
103.0  80.0  183.0  7859.361
102.0  81.0  183.0  7815.674
101.0  82.0  183.0  7762.117
113.0  71.0  184.0  7967.0
112.0  72.0  184.0  7990.732
111.0  73.0  184.0  7993.763
110.0  74.0  184.0  8005.087
109.0  75.0  184.0  7992.788
108.0  76.0  184.0  7988.696
107.0  77.0  184.0  7959.198
106.0  78.0  184.0  7942.562
105.0  79.0  184.0  7900.194
104.0  80.0  184.0  7874.368
103.0  81.0  184.0  7818.681
102.0  82.0  184.0  7782.692
101.0  83.0  184.0  7713.0
113.0  72.0  185.0  7974.0
112.0  73.0  185.0  7986.37
111.0  74.0  185.0  7992.917
110.0  75.0  185.0  7991.026
109.0  76.0  185.0  7981.323
108.0  77.0  185.0  7963.722
107.0  78.0  185.0  7939.75
106.0  79.0  185.0  7909.488
105.0  80.0  185.0  7874.496
104.0  81.0  185.0  7835.564
103.0  82.0  185.0  7786.932
102.0  83.0  185.0  7732.0
114.0  72.0  186.0  7964.0
113.0  73.0  186.0  7971.84
112.0  74.0  186.0  7988.607
111.0  75.0  186.0  7981.286
110.0  76.0  186.0  7982.829
109.0  77.0  186.0  7958.05
108.0  78.0  186.0  7946.809
107.0  79.0  186.0  7909.54
106.0  80.0  186.0  7888.261
105.0  81.0  186.0  7839.167
104.0  82.0  186.0  7805.343
103.0  83.0  186.0  7739.245
115.0  72.0  187.0  7946.0
114.0  73.0  187.0  7963.0
113.0  74.0  187.0  7975.12
112.0  75.0  187.0  7977.947
111.0  76.0  187.0  7973.776
110.0  77.0  187.0  7961.558
109.0  78.0  187.0  7941.317
108.0  79.0  187.0  7917.305
107.0  80.0  187.0  7886.986
106.0  81.0  187.0  7852.458
105.0  82.0  187.0  7808.363
104.0  83.0  187.0  7758.155
116.0  72.0  188.0  7936.0
115.0  73.0  188.0  7947.0
114.0  74.0  188.0  7969.048
113.0  75.0  188.0  7966.743
112.0  76.0  188.0  7973.86
111.0  77.0  188.0  7954.761
110.0  78.0  188.0  7947.912
109.0  79.0  188.0  7914.378
108.0  80.0  188.0  7899.051
107.0  81.0  188.0  7853.108
106.0  82.0  188.0  7824.844
105.0  83.0  188.0  7764.244
104.0  84.0  188.0  7724.622
116.0  73.0  189.0  7938.0
115.0  74.0  189.0  7952.715
114.0  75.0  189.0  7961.804
113.0  76.0  189.0  7962.995
112.0  77.0  189.0  7956.039
111.0  78.0  189.0  7941.477
110.0  79.0  189.0  7921.987
109.0  80.0  189.0  7896.942
108.0  81.0  189.0  7866.196
107.0  82.0  189.0  7826.48
106.0  83.0  189.0  7780.98
105.0  84.0  189.0  7731.096
117.0  73.0  190.0  7922.0
116.0  74.0  190.0  7947.121
115.0  75.0  190.0  7949.687
114.0  76.0  190.0  7962.096
113.0  77.0  190.0  7947.688
112.0  78.0  190.0  7946.582
111.0  79.0  190.0  7919.086
110.0  80.0  190.0  7907.016
109.0  81.0  190.0  7865.86
108.0  82.0  190.0  7841.13
107.0  83.0  190.0  7786.939
106.0  84.0  190.0  7749.454
117.0  74.0  191.0  7931.0
116.0  75.0  191.0  7943.949
115.0  76.0  191.0  7950.56
114.0  77.0  191.0  7948.101
113.0  78.0  191.0  7938.725
112.0  79.0  191.0  7924.741
111.0  80.0  191.0  7903.805
110.0  81.0  191.0  7877.134
109.0  82.0  191.0  7841.441
108.0  83.0  191.0  7800.665
107.0  84.0  191.0  7753.708
118.0  74.0  192.0  7924.0
117.0  75.0  192.0  7931.0
116.0  76.0  192.0  7948.516
115.0  77.0  192.0  7938.986
114.0  78.0  192.0  7942.514
113.0  79.0  192.0  7920.125
112.0  80.0  192.0  7912.065
111.0  81.0  192.0  7876.016
110.0  82.0  192.0  7854.669
109.0  83.0  192.0  7803.666
108.0  84.0  192.0  7771.078
118.0  75.0  193.0  7924.0
117.0  76.0  193.0  7936.261
116.0  77.0  193.0  7938.121
115.0  78.0  193.0  7933.773
114.0  79.0  193.0  7924.11
113.0  80.0  193.0  7907.914
112.0  81.0  193.0  7884.523
111.0  82.0  193.0  7853.918
110.0  83.0  193.0  7817.11
109.0  84.0  193.0  7774.129
108.0  85.0  193.0  7727.518
119.0  75.0  194.0  7911.0
118.0  76.0  194.0  7932.01
117.0  77.0  194.0  7928.475
116.0  78.0  194.0  7935.957
115.0  79.0  194.0  7919.032
114.0  80.0  194.0  7914.643
113.0  81.0  194.0  7882.951
112.0  82.0  194.0  7865.416
111.0  83.0  194.0  7819.025
110.0  84.0  194.0  7789.296
109.0  85.0  194.0  7734.658
119.0  76.0  195.0  7918.658
118.0  77.0  195.0  7924.902
117.0  78.0  195.0  7926.567
116.0  79.0  195.0  7921.392
115.0  80.0  195.0  7909.329
114.0  81.0  195.0  7890.727
113.0  82.0  195.0  7863.94
112.0  83.0  195.0  7830.748
111.0  84.0  195.0  7791.1
110.0  85.0  195.0  7748.121
109.0  86.0  195.0  7700.307
120.0  76.0  196.0  7912.248
119.0  77.0  196.0  7914.163
118.0  78.0  196.0  7926.544
117.0  79.0  196.0  7914.861
116.0  80.0  196.0  7914.373
115.0  81.0  196.0  7888.289
114.0  82.0  196.0  7873.4
113.0  83.0  196.0  7831.9
112.0  84.0  196.0  7804.773
111.0  85.0  196.0  7752.051
110.0  86.0  196.0  7717.99
120.0  77.0  197.0  7909.018
119.0  78.0  197.0  7915.984
118.0  79.0  197.0  7915.661
117.0  80.0  197.0  7908.643
116.0  81.0  197.0  7893.505
115.0  82.0  197.0  7871.298
114.0  83.0  197.0  7841.636
113.0  84.0  197.0  7805.535
112.0  85.0  197.0  7765.96
111.0  86.0  197.0  7722.294
121.0  77.0  198.0  7897.0
120.0  78.0  198.0  7914.169
119.0  79.0  198.0  7908.573
118.0  80.0  198.0  7911.553
117.0  81.0  198.0  7890.127
116.0  82.0  198.0  7878.882
115.0  83.0  198.0  7841.189
114.0  84.0  198.0  7817.561
113.0  85.0  198.0  7769.159
112.0  86.0  198.0  7737.726
122.0  77.0  199.0  7891.218
121.0  78.0  199.0  7902.319
120.0  79.0  199.0  7906.943
119.0  80.0  199.0  7905.284
118.0  81.0  199.0  7893.876
117.0  82.0  199.0  7875.717
116.0  83.0  199.0  7849.526
115.0  84.0  199.0  7817.537
114.0  85.0  199.0  7781.466
113.0  86.0  199.0  7740.846
112.0  87.0  199.0  7695.312
122.0  78.0  200.0  7899.216
121.0  79.0  200.0  7898.635
120.0  80.0  200.0  7905.899
119.0  81.0  200.0  7889.707
118.0  82.0  200.0  7881.771
117.0  83.0  200.0  7848.494
116.0  84.0  200.0  7827.504
115.0  85.0  200.0  7783.758
114.0  86.0  200.0  7754.938
113.0  87.0  200.0  7700.385
123.0  78.0  201.0  7885.835
122.0  79.0  201.0  7895.176
121.0  80.0  201.0  7897.564
120.0  81.0  201.0  7891.277
119.0  82.0  201.0  7877.812
118.0  83.0  201.0  7854.806
117.0  84.0  201.0  7826.58
116.0  85.0  201.0  7794.153
115.0  86.0  201.0  7756.841
114.0  87.0  201.0  7714.797
124.0  78.0  202.0  7881.0
123.0  79.0  202.0  7886.14
122.0  80.0  202.0  7896.852
121.0  81.0  202.0  7886.234
120.0  82.0  202.0  7882.115
119.0  83.0  202.0  7852.496
118.0  84.0  202.0  7834.719
117.0  85.0  202.0  7794.542
116.0  86.0  202.0  7769.303
115.0  87.0  202.0  7718.812
114.0  88.0  202.0  7684.883
124.0  79.0  203.0  7880.864
123.0  80.0  203.0  7887.482
122.0  81.0  203.0  7886.052
121.0  82.0  203.0  7877.397
120.0  83.0  203.0  7857.549
119.0  84.0  203.0  7832.844
118.0  85.0  203.0  7803.652
117.0  86.0  203.0  7770.226
116.0  87.0  203.0  7731.783
115.0  88.0  203.0  7689.628
125.0  79.0  204.0  7870.0
124.0  80.0  204.0  7885.545
123.0  81.0  204.0  7880.022
122.0  82.0  204.0  7879.931
121.0  83.0  204.0  7854.32
120.0  84.0  204.0  7839.045
119.0  85.0  204.0  7803.552
118.0  86.0  204.0  7780.642
117.0  87.0  204.0  7734.687
116.0  88.0  204.0  7704.156
126.0  79.0  205.0  7861.0
125.0  80.0  205.0  7874.731
124.0  81.0  205.0  7878.393
123.0  82.0  205.0  7874.33
122.0  83.0  205.0  7857.302
121.0  84.0  205.0  7836.156
120.0  85.0  205.0  7810.205
119.0  86.0  205.0  7780.742
118.0  87.0  205.0  7745.686
117.0  88.0  205.0  7706.997
126.0  80.0  206.0  7869.17
125.0  81.0  206.0  7871.72
124.0  82.0  206.0  7875.361
123.0  83.0  206.0  7853.323
122.0  84.0  206.0  7840.563
121.0  85.0  206.0  7808.793
120.0  86.0  206.0  7788.956
119.0  87.0  206.0  7746.94
118.0  88.0  206.0  7719.805
117.0  89.0  206.0  7667.724
127.0  80.0  207.0  7847.312
126.0  81.0  207.0  7866.793
125.0  82.0  207.0  7869.865
124.0  83.0  207.0  7854.504
123.0  84.0  207.0  7836.673
122.0  85.0  207.0  7814.037
121.0  86.0  207.0  7787.98
120.0  87.0  207.0  7756.232
119.0  88.0  207.0  7721.634
118.0  89.0  207.0  7681.172
128.0  80.0  208.0  7833.0
127.0  81.0  208.0  7847.18
126.0  82.0  208.0  7867.452
125.0  83.0  208.0  7849.852
124.0  84.0  208.0  7839.357
123.0  85.0  208.0  7811.663
122.0  86.0  208.0  7794.231
121.0  87.0  208.0  7756.899
120.0  88.0  208.0  7732.084
119.0  89.0  208.0  7684.831
129.0  80.0  209.0  7812.0
128.0  81.0  209.0  7833.365
127.0  82.0  209.0  7848.647
126.0  83.0  209.0  7847.985
125.0  84.0  209.0  7835.187
124.0  85.0  209.0  7814.763
123.0  86.0  209.0  7792.115
122.0  87.0  209.0  7763.686
121.0  88.0  209.0  7733.033
120.0  89.0  209.0  7695.847
119.0  90.0  209.0  7655.464
130.0  80.0  210.0  7798.0
129.0  81.0  210.0  7813.585
128.0  82.0  210.0  7835.964
127.0  83.0  210.0  7832.541
126.0  84.0  210.0  7834.345
125.0  85.0  210.0  7811.662
124.0  86.0  210.0  7796.632
123.0  87.0  210.0  7763.136
122.0  88.0  210.0  7741.281
121.0  89.0  210.0  7697.896
120.0  90.0  210.0  7669.156
130.0  81.0  211.0  7800.0
129.0  82.0  211.0  7817.0
128.0  83.0  211.0  7819.77
127.0  84.0  211.0  7818.783
126.0  85.0  211.0  7811.354
125.0  86.0  211.0  7793.941
124.0  87.0  211.0  7768.443
123.0  88.0  211.0  7741.066
122.0  89.0  211.0  7707.176
121.0  90.0  211.0  7671.711
131.0  81.0  212.0  7780.0
130.0  82.0  212.0  7804.312
129.0  83.0  212.0  7803.31
128.0  84.0  212.0  7810.243
127.0  85.0  212.0  7798.306
126.0  86.0  212.0  7794.797
125.0  87.0  212.0  7766.946
124.0  88.0  212.0  7747.472
123.0  89.0  212.0  7708.546
122.0  90.0  212.0  7682.156
121.0  91.0  212.0  7633.543
131.0  82.0  213.0  7785.082
130.0  83.0  213.0  7791.016
129.0  84.0  213.0  7794.023
128.0  85.0  213.0  7790.003
127.0  86.0  213.0  7782.192
126.0  87.0  213.0  7768.433
125.0  88.0  213.0  7746.415
124.0  89.0  213.0  7715.524
123.0  90.0  213.0  7683.852
122.0  91.0  213.0  7644.76
132.0  82.0  214.0  7772.386
131.0  83.0  214.0  7773.492
130.0  84.0  214.0  7785.115
129.0  85.0  214.0  7776.365
128.0  86.0  214.0  7777.102
127.0  87.0  214.0  7757.739
126.0  88.0  214.0  7749.135
125.0  89.0  214.0  7715.907
124.0  90.0  214.0  7692.237
123.0  91.0  214.0  7647.584
133.0  82.0  215.0  7752.0
132.0  83.0  215.0  7761.627
131.0  84.0  215.0  7768.169
130.0  85.0  215.0  7767.855
129.0  86.0  215.0  7763.814
128.0  87.0  215.0  7753.26
127.0  88.0  215.0  7739.317
126.0  89.0  215.0  7719.501
125.0  90.0  215.0  7693.001
124.0  91.0  215.0  7657.061
133.0  83.0  216.0  7743.499
132.0  84.0  216.0  7758.813
131.0  85.0  216.0  7752.999
130.0  86.0  216.0  7758.644
129.0  87.0  216.0  7742.414
128.0  88.0  216.0  7737.347
127.0  89.0  216.0  7711.356
126.0  90.0  216.0  7697.634
125.0  91.0  216.0  7659.308
134.0  83.0  217.0  7731.0
133.0  84.0  217.0  7741.281
132.0  85.0  217.0  7744.612
131.0  86.0  217.0  7744.403
130.0  87.0  217.0  7737.774
129.0  88.0  217.0  7726.921
128.0  89.0  217.0  7710.324
127.0  90.0  217.0  7690.547
126.0  91.0  217.0  7664.579
125.0  92.0  217.0  7635.026
135.0  83.0  218.0  7712.0
134.0  84.0  218.0  7731.521
133.0  85.0  218.0  7729.124
132.0  86.0  218.0  7738.751
131.0  87.0  218.0  7726.715
130.0  88.0  218.0  7724.998
129.0  89.0  218.0  7702.176
128.0  90.0  218.0  7691.567
127.0  91.0  218.0  7659.104
126.0  92.0  218.0  7640.587
135.0  84.0  219.0  7713.0
134.0  85.0  219.0  7720.191
133.0  86.0  219.0  7723.771
132.0  87.0  219.0  7721.169
131.0  88.0  219.0  7714.054
130.0  89.0  219.0  7700.548
129.0  90.0  219.0  7683.72
128.0  91.0  219.0  7661.662
127.0  92.0  219.0  7636.669
136.0  84.0  220.0  7702.0
135.0  85.0  220.0  7703.81
134.0  86.0  220.0  7717.248
133.0  87.0  220.0  7709.74
132.0  88.0  220.0  7711.684
131.0  89.0  220.0  7692.315
130.0  90.0  220.0  7684.589
129.0  91.0  220.0  7655.089
128.0  92.0  220.0  7639.0
136.0  85.0  221.0  7694.0
135.0  86.0  221.0  7701.388
134.0  87.0  221.0  7703.252
133.0  88.0  221.0  7701.134
132.0  89.0  221.0  7690.539
131.0  90.0  221.0  7676.072
130.0  91.0  221.0  7656.961
129.0  92.0  221.0  7634.0
137.0  85.0  222.0  7678.0
136.0  86.0  222.0  7694.491
135.0  87.0  222.0  7691.076
134.0  88.0  222.0  7696.687
133.0  89.0  222.0  7682.802
132.0  90.0  222.0  7676.659
131.0  91.0  222.0  7651.0
130.0  92.0  222.0  7638.0
138.0  85.0  223.0  7668.0
137.0  86.0  223.0  7679.0
136.0  87.0  223.0  7683.658
135.0  88.0  223.0  7685.303
134.0  89.0  223.0  7679.141
133.0  90.0  223.0  7668.64
132.0  91.0  223.0  7651.971
131.0  92.0  223.0  7632.688
138.0  86.0  224.0  7671.0
137.0  87.0  224.0  7670.775
136.0  88.0  224.0  7679.917
135.0  89.0  224.0  7670.14
134.0  90.0  224.0  7667.712
133.0  91.0  224.0  7646.925
132.0  92.0  224.0  7635.203
139.0  86.0  225.0  7655.0
138.0  87.0  225.0  7662.97
137.0  88.0  225.0  7667.581
136.0  89.0  225.0  7665.686
135.0  90.0  225.0  7659.222
134.0  91.0  225.0  7646.721
133.0  92.0  225.0  7629.747
132.0  93.0  225.0  7607.544
140.0  86.0  226.0  7646.0
139.0  87.0  226.0  7649.028
138.0  88.0  226.0  7661.956
137.0  89.0  226.0  7655.658
136.0  90.0  226.0  7657.121
135.0  91.0  226.0  7641.11
134.0  92.0  226.0  7631.916
133.0  93.0  226.0  7605.0
141.0  86.0  227.0  7630.0
140.0  87.0  227.0  7640.836
139.0  88.0  227.0  7648.297
138.0  89.0  227.0  7650.701
137.0  90.0  227.0  7647.452
136.0  91.0  227.0  7639.488
135.0  92.0  227.0  7626.393
134.0  93.0  227.0  7607.351
142.0  86.0  228.0  7621.0
141.0  87.0  228.0  7627.0
140.0  88.0  228.0  7642.421
139.0  89.0  228.0  7639.191
138.0  90.0  228.0  7645.074
137.0  91.0  228.0  7632.204
136.0  92.0  228.0  7627.455
135.0  93.0  228.0  7604.0
134.0  94.0  228.0  7590.489
142.0  87.0  229.0  7617.691
141.0  88.0  229.0  7628.482
140.0  89.0  229.0  7632.966
139.0  90.0  229.0  7634.646
138.0  91.0  229.0  7629.869
137.0  92.0  229.0  7620.721
136.0  93.0  229.0  7606.087
135.0  94.0  229.0  7586.862
143.0  87.0  230.0  7603.0
142.0  88.0  230.0  7621.907
141.0  89.0  230.0  7621.593
140.0  90.0  230.0  7630.99
139.0  91.0  230.0  7621.891
138.0  92.0  230.0  7620.923
137.0  93.0  230.0  7601.776
136.0  94.0  230.0  7590.994
144.0  87.0  231.0  7593.0
143.0  88.0  231.0  7607.0
142.0  89.0  231.0  7614.407
141.0  90.0  231.0  7620.112
140.0  91.0  231.0  7618.42
139.0  92.0  231.0  7613.381
138.0  93.0  231.0  7602.125
137.0  94.0  231.0  7587.222
136.0  95.0  231.0  7566.0
145.0  87.0  232.0  7578.0
144.0  88.0  232.0  7599.0
143.0  89.0  232.0  7602.45
142.0  90.0  232.0  7615.026
141.0  91.0  232.0  7609.501
140.0  92.0  232.0  7611.892
139.0  93.0  232.0  7597.0
138.0  94.0  232.0  7588.963
137.0  95.0  232.0  7564.0
145.0  88.0  233.0  7584.0
144.0  89.0  233.0  7594.0
143.0  90.0  233.0  7602.886
142.0  91.0  233.0  7604.864
141.0  92.0  233.0  7603.953
140.0  93.0  233.0  7596.176
139.0  94.0  233.0  7583.796
138.0  95.0  233.0  7567.0
137.0  96.0  233.0  7546.002
146.0  88.0  234.0  7575.0
145.0  89.0  234.0  7581.0
144.0  90.0  234.0  7596.849
143.0  91.0  234.0  7594.673
142.0  92.0  234.0  7600.708
141.0  93.0  234.0  7589.63
140.0  94.0  234.0  7584.607
139.0  95.0  234.0  7563.0
138.0  96.0  234.0  7550.681
146.0  89.0  235.0  7572.0
145.0  90.0  235.0  7583.374
144.0  91.0  235.0  7588.236
143.0  92.0  235.0  7590.907
142.0  93.0  235.0  7587.049
141.0  94.0  235.0  7578.873
140.0  95.0  235.0  7565.0
139.0  96.0  235.0  7548.0
138.0  97.0  235.0  7524.0
147.0  89.0  236.0  7558.0
146.0  90.0  236.0  7576.0
145.0  91.0  236.0  7577.504
144.0  92.0  236.0  7586.477
143.0  93.0  236.0  7579.209
142.0  94.0  236.0  7577.913
141.0  95.0  236.0  7561.0
140.0  96.0  236.0  7550.0
139.0  97.0  236.0  7523.0
147.0  90.0  237.0  7562.0
146.0  91.0  237.0  7569.902
145.0  92.0  237.0  7576.094
144.0  93.0  237.0  7574.982
143.0  94.0  237.0  7570.752
142.0  95.0  237.0  7561.0
141.0  96.0  237.0  7546.0
140.0  97.0  237.0  7527.0
139.0  98.0  237.0  7504.0
148.0  90.0  238.0  7554.0
147.0  91.0  238.0  7558.87
146.0  92.0  238.0  7570.12
145.0  93.0  238.0  7566.214
144.0  94.0  238.0  7568.354
143.0  95.0  238.0  7555.578
142.0  96.0  238.0  7548.203
141.0  97.0  238.0  7524.0
140.0  98.0  238.0  7509.0
148.0  91.0  239.0  7550.0
147.0  92.0  239.0  7558.557
146.0  93.0  239.0  7560.561
145.0  94.0  239.0  7560.311
144.0  95.0  239.0  7553.681
143.0  96.0  239.0  7543.0
142.0  97.0  239.0  7527.0
141.0  98.0  239.0  7507.0
149.0  91.0  240.0  7538.0
148.0  92.0  240.0  7551.771
147.0  93.0  240.0  7550.18
146.0  94.0  240.0  7556.036
145.0  95.0  240.0  7547.006
144.0  96.0  240.0  7542.856
143.0  97.0  240.0  7523.0
142.0  98.0  240.0  7510.0
141.0  99.0  240.0  7481.0
149.0  92.0  241.0  7539.0
148.0  93.0  241.0  7544.263
147.0  94.0  241.0  7546.432
146.0  95.0  241.0  7543.272
145.0  96.0  241.0  7536.841
144.0  97.0  241.0  7524.0
143.0  98.0  241.0  7507.0
142.0  99.0  241.0  7485.0
150.0  92.0  242.0  7532.0
149.0  93.0  242.0  7533.397
148.0  94.0  242.0  7541.321
147.0  95.0  242.0  7534.984
146.0  96.0  242.0  7534.497
145.0  97.0  242.0  7519.0
144.0  98.0  242.0  7509.302
143.0  99.0  242.0  7483.0
142.0  100.0  242.0  7465.0
150.0  93.0  243.0  7525.0
149.0  94.0  243.0  7531.004
148.0  95.0  243.0  7530.169
147.0  96.0  243.0  7526.918
146.0  97.0  243.0  7517.495
145.0  98.0  243.0  7505.0
144.0  99.0  243.0  7486.0
143.0  100.0  243.0  7464.0
151.0  93.0  244.0  7514.0
150.0  94.0  244.0  7524.817
149.0  95.0  244.0  7521.301
148.0  96.0  244.0  7523.944
147.0  97.0  244.0  7511.468
146.0  98.0  244.0  7505.132
145.0  99.0  244.0  7483.0
144.0  100.0  244.0  7468.0
151.0  94.0  245.0  7513.576
150.0  95.0  245.0  7515.306
149.0  96.0  245.0  7515.766
148.0  97.0  245.0  7509.264
147.0  98.0  245.0  7499.657
146.0  99.0  245.0  7484.0
145.0  100.0  245.0  7465.0
144.0  101.0  245.0  7441.0
152.0  94.0  246.0  7506.538
151.0  95.0  246.0  7504.986
150.0  96.0  246.0  7511.465
149.0  97.0  246.0  7502.797
148.0  98.0  246.0  7499.115
147.0  99.0  246.0  7480.0
146.0  100.0  246.0  7468.166
145.0  101.0  246.0  7440.0
153.0  94.0  247.0  7494.0
152.0  95.0  247.0  7499.0
151.0  96.0  247.0  7501.928
150.0  97.0  247.0  7498.936
149.0  98.0  247.0  7493.153
148.0  99.0  247.0  7480.0
147.0  100.0  247.0  7465.0
146.0  101.0  247.0  7444.0
153.0  95.0  248.0  7487.0
152.0  96.0  248.0  7496.731
151.0  97.0  248.0  7491.0
150.0  98.0  248.0  7491.036
149.0  99.0  248.0  7476.0
148.0  100.0  248.0  7465.91
147.0  101.0  248.0  7442.0
146.0  102.0  248.0  7424.0
154.0  95.0  249.0  7479.0
153.0  96.0  249.0  7485.552
152.0  97.0  249.0  7486.027
151.0  98.0  249.0  7483.383
150.0  99.0  249.0  7474.0
149.0  100.0  249.0  7461.0
148.0  101.0  249.0  7443.0
147.0  102.0  249.0  7422.0
154.0  96.0  250.0  7478.94
153.0  97.0  250.0  7475.961
152.0  98.0  250.0  7479.95
151.0  99.0  250.0  7469.0
150.0  100.0  250.0  7462.084
149.0  101.0  250.0  7441.0
148.0  102.0  250.0  7426.0
155.0  96.0  251.0  7466.724
154.0  97.0  251.0  7469.264
153.0  98.0  251.0  7470.502
152.0  99.0  251.0  7465.881
151.0  100.0  251.0  7456.89
150.0  101.0  251.0  7442.0
149.0  102.0  251.0  7423.0
148.0  103.0  251.0  7400.0
156.0  96.0  252.0  7460.0
155.0  97.0  252.0  7459.0
154.0  98.0  252.0  7465.349
153.0  99.0  252.0  7457.244
152.0  100.0  252.0  7456.031
151.0  101.0  252.0  7438.0
150.0  102.0  252.0  7425.76
149.0  103.0  252.0  7399.0
156.0  97.0  253.0  7451.0
155.0  98.0  253.0  7454.831
154.0  99.0  253.0  7452.874
153.0  100.0  253.0  7448.455
152.0  101.0  253.0  7438.0
151.0  102.0  253.0  7422.0
150.0  103.0  253.0  7402.0
149.0  104.0  253.0  7379.0
157.0  97.0  254.0  7440.0
156.0  98.0  254.0  7449.228
155.0  99.0  254.0  7443.584
154.0  100.0  254.0  7444.786
153.0  101.0  254.0  7431.0
152.0  102.0  254.0  7423.586
151.0  103.0  254.0  7400.0
150.0  104.0  254.0  7384.0
157.0  98.0  255.0  7438.0
156.0  99.0  255.0  7437.822
155.0  100.0  255.0  7435.89
154.0  101.0  255.0  7428.729
153.0  102.0  255.0  7417.776
152.0  103.0  255.0  7402.0
151.0  104.0  255.0  7382.0
150.0  105.0  255.0  7357.0
158.0  98.0  256.0  7432.0
157.0  99.0  256.0  7428.0
156.0  100.0  256.0  7431.783
155.0  101.0  256.0  7420.409
154.0  102.0  256.0  7416.539
153.0  103.0  256.0  7398.0
152.0  104.0  256.0  7385.381
151.0  105.0  256.0  7357.0
158.0  99.0  257.0  7422.0
157.0  100.0  257.0  7422.196
156.0  101.0  257.0  7417.569
155.0  102.0  257.0  7409.683
154.0  103.0  257.0  7397.0
153.0  104.0  257.0  7381.0
152.0  105.0  257.0  7361.0
159.0  99.0  258.0  7412.0
158.0  100.0  258.0  7418.0
157.0  101.0  258.0  7409.669
156.0  102.0  258.0  7407.0
155.0  103.0  258.0  7391.0
154.0  104.0  258.0  7382.0
153.0  105.0  258.0  7359.0
152.0  106.0  258.0  7341.0
159.0  100.0  259.0  7407.0
158.0  101.0  259.0  7405.0
157.0  102.0  259.0  7400.0
156.0  103.0  259.0  7390.0
155.0  104.0  259.0  7377.0
154.0  105.0  259.0  7360.0
153.0  106.0  259.0  7339.0
160.0  100.0  260.0  7403.0
159.0  101.0  260.0  7396.0
158.0  102.0  260.0  7397.0
157.0  103.0  260.0  7383.0
156.0  104.0  260.0  7377.0
155.0  105.0  260.0  7357.0
154.0  106.0  260.0  7342.424
153.0  107.0  260.0  7312.0
160.0  101.0  261.0  7391.0
159.0  102.0  261.0  7388.0
158.0  103.0  261.0  7381.0
157.0  104.0  261.0  7371.396
156.0  105.0  261.0  7357.0
155.0  106.0  261.0  7339.0
154.0  107.0  261.0  7316.0
161.0  101.0  262.0  7383.0
160.0  102.0  262.0  7385.0
159.0  103.0  262.0  7374.0
158.0  104.0  262.0  7370.0
157.0  105.0  262.0  7352.0
156.0  106.0  262.0  7341.0
155.0  107.0  262.0  7315.0
161.0  102.0  263.0  7376.0
160.0  103.0  263.0  7371.0
159.0  104.0  263.0  7363.0
158.0  105.0  263.0  7352.0
157.0  106.0  263.0  7337.0
156.0  107.0  263.0  7317.0
155.0  108.0  263.0  7295.0
162.0  102.0  264.0  7373.0
161.0  103.0  264.0  7364.0
160.0  104.0  264.0  7361.0
159.0  105.0  264.0  7346.0
158.0  106.0  264.0  7338.0
157.0  107.0  264.0  7315.0
156.0  108.0  264.0  7298.239
162.0  103.0  265.0  7360.0
161.0  104.0  265.0  7354.0
160.0  105.0  265.0  7344.0
159.0  106.0  265.0  7332.652
158.0  107.0  265.0  7316.0
157.0  108.0  265.0  7295.0
156.0  109.0  265.0  7271.0
163.0  103.0  266.0  7351.0
162.0  104.0  266.0  7352.0
161.0  105.0  266.0  7339.0
160.0  106.0  266.0  7332.0
159.0  107.0  266.0  7312.0
158.0  108.0  266.0  7298.0
157.0  109.0  266.0  7270.0
163.0  104.0  267.0  7343.0
162.0  105.0  267.0  7337.0
161.0  106.0  267.0  7327.0
160.0  107.0  267.0  7312.0
159.0  108.0  267.0  7295.0
158.0  109.0  267.0  7273.0
157.0  110.0  267.0  7245.0
164.0  104.0  268.0  7338.0
163.0  105.0  268.0  7329.0
162.0  106.0  268.0  7325.0
161.0  107.0  268.0  7308.0
160.0  108.0  268.0  7297.0
159.0  109.0  268.0  7271.0
158.0  110.0  268.0  7250.0
164.0  105.0  269.0  7325.0
163.0  106.0  269.0  7317.0
162.0  107.0  269.0  7308.0
161.0  108.0  269.0  7293.0
160.0  109.0  269.0  7273.0
159.0  110.0  269.0  7249.0
165.0  105.0  270.0  7316.0
164.0  106.0  270.0  7315.0
163.0  107.0  270.0  7300.0
162.0  108.0  270.0  7294.0
161.0  109.0  270.0  7270.0
160.0  110.0  270.0  7253.0
165.0  106.0  271.0  7307.0
164.0  107.0  271.0  7298.0
163.0  108.0  271.0  7286.0
162.0  109.0  271.0  7272.0
161.0  110.0  271.0  7252.0
166.0  106.0  272.0  7304.0
165.0  107.0  272.0  7291.0
164.0  108.0  272.0  7284.0
163.0  109.0  272.0  7266.0
162.0  110.0  272.0  7254.0
161.0  111.0  272.0  7226.0
167.0  106.0  273.0  7296.0
166.0  107.0  273.0  7288.0
165.0  108.0  273.0  7277.0
164.0  109.0  273.0  7264.0
163.0  110.0  273.0  7248.0
162.0  111.0  273.0  7229.0
167.0  107.0  274.0  7282.0
166.0  108.0  274.0  7276.0
165.0  109.0  274.0  7259.0
164.0  110.0  274.0  7249.0
163.0  111.0  274.0  7225.0
168.0  107.0  275.0  7278.0
167.0  108.0  275.0  7270.0
166.0  109.0  275.0  7258.0
165.0  110.0  275.0  7243.0
164.0  111.0  275.0  7227.0
168.0  108.0  276.0  7268.0
167.0  109.0  276.0  7252.0
166.0  110.0  276.0  7243.0
165.0  111.0  276.0  7222.0
169.0  108.0  277.0  7262.0
168.0  109.0  277.0  7251.0
167.0  110.0  277.0  7237.0
166.0  111.0  277.0  7221.0
165.0  112.0  277.0  7204.0
169.0  109.0  278.0  7246.0
168.0  110.0  278.0  7237.0
167.0  111.0  278.0  7217.0
166.0  112.0  278.0  7206.0
170.0  109.0  279.0  7244.0
169.0  110.0  279.0  7232.0
168.0  111.0  279.0  7218.0
167.0  112.0  279.0  7201.0
170.0  110.0  280.0  7232.0
169.0  111.0  280.0  7214.0
168.0  112.0  280.0  7203.0
171.0  110.0  281.0  7228.0
170.0  111.0  281.0  7214.0
169.0  112.0  281.0  7198.0
171.0  111.0  282.0  7210.0
170.0  112.0  282.0  7200.0
172.0  111.0  283.0  7210.0
171.0  112.0  283.0  7196.0
170.0  113.0  283.0  7178.0
172.0  112.0  284.0  7197.0
171.0  113.0  284.0  7176.0
173.0  112.0  285.0  7195.0
172.0  113.0  285.0  7177.0
171.0  114.0  285.0  7158.0
173.0  113.0  286.0  7174.0
172.0  114.0  286.0  7161.0
174.0  113.0  287.0  7176.0
173.0  114.0  287.0  7158.0
172.0  115.0  287.0  7137.0
174.0  114.0  288.0  7161.0
173.0  115.0  288.0  7136.0
175.0  114.0  289.0  7159.0
174.0  115.0  289.0  7139.0
173.0  116.0  289.0  7116.0
175.0  115.0  290.0  7137.0
174.0  116.0  290.0  7120.0
176.0  115.0  291.0  7140.0
175.0  116.0  291.0  7119.0
174.0  117.0  291.0  7096.0
176.0  116.0  292.0  7123.0
175.0  117.0  292.0  7096.0
175.0  118.0  293.0  7074.0
