30.469459270451914
32.09126320586552
32.15408517695119
27.656703685301295
32.92299318586641
28.899478124498128
28.367661533939327
28.043064358612547
26.721315731241894
28.760357445769944
24.454236010276123
19.535367853188113
24.053164333105816
24.19203825599139
23.807697104976178
23.68931523659654
22.54226059237133
24.418070955932077
25.152685124869848
20.16652372536
18.984503627502068
18.99558629708004
18.597037599665835
21.45012927852277
18.167780077300886
17.90943701943706
21.020027922229854
19.202287052356347
14.849858051101174
19.686366911800896
14.071846905415148
15.88394074910545
14.656241882017554
19.26460577788949
15.840484141184575
16.100081643806007
15.384903700522896
17.407057376130464
14.723151317636361
16.37246616809915
11.193216478965114
12.484127280625392
10.172233158019228
11.187190633255044
13.001763644783969
11.333431475088108
11.43215429563485
13.400270041248774
14.378787093298499
12.689709845947938
14.549863811488185
13.134632812653148
12.279965016242455
14.671245400540666
15.671077634512079
12.895002086114804
10.38212622635835
13.051702120527004
13.641659890427455
12.237347685953825
9.949322074913793
9.322364136570531
10.352274356712464
8.955194984593517
10.193641674347461
10.699908491507394
10.344885070471586
10.196429321532154
9.78882904276959
7.880172137871912
8.13005849517262
8.698548458553859
8.549003617592822
8.119086630046768
7.978638881652329
8.703218780678366
6.684376809350597
8.64013484194594
7.568622579044431
7.579319829940851
7.635503281588929
7.3067997035657575
6.962563512909962
6.744885498917836
6.862555887698878
6.755010995963527
6.547059729364608
7.312468967598524
7.991211554973116
6.325439142229393
7.210281762266147
5.790251706932647
6.1864138518575515
5.362773944512695
5.813468302765324
7.011928900354934
7.258013444529551
6.4757300125764985
6.378585606664178
6.531666878289752
5.273817729472996
4.903449404145993
4.949483285531917
5.739522067031426
5.160660090554935
5.7911288972534125
5.12987535024246
5.2987689148538655
5.631263262206835
6.137614247640518
5.685701336146297
4.354897581087838
4.688329696010093
4.831464308035227
4.118713869931161
4.72878961021713
4.071274210396332
4.871076367416883
4.541239079976738
4.579618295848031
3.5557913501659293
4.457088400959936
4.439809013536231
4.287419451995353
4.057657107781165
4.178398248987351
3.675377949576808
4.237182820063398
3.781628512928179
4.3324897566508485
3.3737096042759296
3.7422718011017007
3.3241487226173274
3.5374240344668464
3.3131020789112564
3.159348542728179
3.726463544735557
3.499153171305466
3.0550763325187775
3.888634911150583
2.82326695099284
3.133103048220954
3.3218736894225307
3.17580849479803
3.4387333966280083
3.0626099916757745
2.732496974575012
2.787418074677215
3.005885567334408
2.9678999655225287
2.4709498915897186
3.0730672510404946
2.5503781604036044
2.4676454655008877
2.726000436345071
2.445444963149115
2.6278345349534344
2.4289447785085914
2.5854532800135277
2.7555965263457893
