12.00000000000,0.09890101119
12.05368421100,0.09157500399
12.10736842100,0.08669099920
12.16105263200,0.08669099920
12.21473684200,0.08669099920
12.26842105300,0.11355302559
12.32210526300,0.12332103519
12.37578947400,0.11599502798
12.42947368400,0.11111102319
12.48315789500,0.12332103519
12.53684210500,0.11599502798
12.59052631600,0.12820504000
12.64421052600,0.12576303760
12.69789473700,0.11599502798
12.75157894700,0.10866902079
12.80526315800,0.12332103519
12.85894736800,0.12576303760
12.91263157900,0.13308904479
12.96631578900,0.13064704240
13.02000000000,0.13308904479
13.07368421100,0.14285705439
13.12736842100,0.15018306159
13.18105263200,0.14529905679
13.23473684200,0.14774105919
13.28842105300,0.14041505199
13.34210526300,0.14041505199
13.39578947400,0.15018306159
13.44947368400,0.13553104719
13.50315789500,0.13308904479
13.55684210500,0.13064704240
13.61052631600,0.13553104719
13.66421052600,0.14285705439
13.71789473700,0.15018306159
13.77157894700,0.15018306159
13.82526315800,0.14774105919
13.87894736800,0.13797304959
13.93263157900,0.14529905679
13.98631578900,0.14041505199
14.04000000000,0.14529905679
14.09368421100,0.14285705439
14.14736842100,0.13553104719
14.20105263200,0.13308904479
14.25473684200,0.14041505199
14.30842105300,0.15018306159
14.36210526300,0.14774105919
14.41578947400,0.13797304959
14.46947368400,0.13064704240
14.52315789500,0.12820504000
14.57684210500,0.11843703040
14.63052631600,0.11599502798
14.68421052600,0.11843703040
14.73789473700,0.10866902079
14.79157894700,0.10134301359
14.84526315800,0.10622701839
14.89894736800,0.10134301359
14.95263157900,0.09645900879
15.00631578900,0.11111102319
15.06000000000,0.10866902079
15.11368421100,0.12332103519
15.16736842100,0.12332103519
15.22105263200,0.12332103519
15.27473684200,0.11843703040
15.32842105300,0.12332103519
15.38210526300,0.11355302559
15.43578947400,0.11355302559
15.48947368400,0.12576303760
15.54315789500,0.11599502798
15.59684210500,0.13308904479
15.65052631600,0.13797304959
15.70421052600,0.15506706639
15.75789473700,0.14529905679
15.81157894700,0.13308904479
15.86526315800,0.12087903279
15.91894736800,0.11599502798
15.97263157900,0.11111102319
16.02631578900,0.11355302559
16.08000000000,0.11111102319
16.13368421100,0.10866902079
16.18736842100,0.09890101119
16.24105263200,0.10378501599
16.29473684200,0.09157500399
16.34842105300,0.09401700639
16.40210526300,0.09157500399
16.45578947400,0.08424899680
16.50947368400,0.10378501599
16.56315789500,0.11599502798
16.61684210500,0.10378501599
16.67052631600,0.10134301359
16.72421052600,0.11111102319
16.77789473700,0.11599502798
16.83157894700,0.11599502798
16.88526315800,0.10378501599
16.93894736800,0.11843703040
16.99263157900,0.11599502798
17.04631578900,0.11355302559
17.10000000000,0.11111102319
17.15368421100,0.10378501599
17.20736842100,0.10134301359
17.26105263200,0.10622701839
17.31473684200,0.12087903279
17.36842105300,0.11355302559
17.42210526300,0.10378501599
17.47578947400,0.11843703040
17.52947368400,0.11599502798
17.58315789500,0.11843703040
17.63684210500,0.10378501599
17.69052631600,0.10622701839
17.74421052600,0.11111102319
17.79789473700,0.10134301359
17.85157894700,0.11111102319
17.90526315800,0.09890101119
17.95894736800,0.09401700639
18.01263157900,0.10134301359
18.06631578900,0.10134301359
18.12000000000,0.09890101119
18.17368421100,0.09890101119
18.22736842100,0.09401700639
18.28105263200,0.09645900879
18.33473684200,0.10134301359
18.38842105300,0.10622701839
18.44210526300,0.12087903279
18.49578947400,0.13797304959
18.54947368400,0.12820504000
18.60315789500,0.13797304959
18.65684210500,0.12576303760
18.71052631600,0.12820504000
18.76421052600,0.14041505199
18.81789473700,0.14529905679
18.87157894700,0.14041505199
18.92526315800,0.13797304959
18.97894736800,0.12820504000
19.03263157900,0.12820504000
19.08631578900,0.13553104719
19.14000000000,0.12820504000
19.19368421100,0.11843703040
19.24736842100,0.12820504000
19.30105263200,0.13308904479
19.35473684200,0.12820504000
19.40842105300,0.11843703040
19.46210526300,0.11599502798
19.51578947400,0.13797304959
19.56947368400,0.13797304959
19.62315789500,0.14041505199
19.67684210500,0.13308904479
19.73052631600,0.13064704240
19.78421052600,0.13797304959
19.83789473700,0.14041505199
19.89157894700,0.14041505199
19.94526315800,0.13308904479
19.99894736800,0.12332103519
20.05263157900,0.11355302559
20.10631578900,0.11355302559
20.16000000000,0.11111102319
20.21368421100,0.10622701839
20.26736842100,0.11111102319
20.32105263200,0.10378501599
20.37473684200,0.10378501599
20.42842105300,0.09890101119
20.48210526300,0.10134301359
20.53578947400,0.10622701839
20.58947368400,0.09645900879
20.64315789500,0.10378501599
20.69684210500,0.09890101119
20.75052631600,0.09890101119
20.80421052600,0.09645900879
20.85789473700,0.08913300159
20.91157894700,0.08669099920
20.96526315800,0.08180699440
21.01894736800,0.09157500399
21.07263157900,0.08669099920
21.12631578900,0.08669099920
21.18000000000,0.07448098718
21.23368421100,0.07448098718
21.28736842100,0.08669099920
21.34105263200,0.08424899680
21.39473684200,0.07936499199
21.44842105300,0.08913300159
21.50210526300,0.08913300159
21.55578947400,0.08180699440
21.60947368400,0.08424899680
21.66315789500,0.07448098718
21.71684210500,0.07692298959
21.77052631600,0.07692298959
21.82421052600,0.07448098718
21.87789473700,0.07936499199
21.93157894700,0.07203898478
21.98526315800,0.06471297759
22.03894736800,0.07203898478
22.09263157900,0.07936499199
22.14631579000,0.07203898478
22.20000000000,0.08424899680
22.25368421100,0.08913300159
22.30736842100,0.07936499199
22.36105263200,0.09890101119
22.41473684200,0.09401700639
22.46842105300,0.10134301359
22.52210526300,0.09645900879
22.57578947400,0.09401700639
22.62947368400,0.09890101119
22.68315789500,0.10622701839
22.73684210500,0.10378501599
22.79052631600,0.11111102319
22.84421052600,0.12332103519
22.89789473700,0.14774105919
22.95157894700,0.14529905679
23.00526315800,0.14774105919
23.05894736800,0.15506706639
23.11263157900,0.16727707839
23.16631578900,0.16727707839
23.22000000000,0.17948709039
23.27368421100,0.17460308559
23.32736842100,0.17704508799
23.38105263200,0.19169710239
23.43473684200,0.18437109519
23.48842105300,0.17948709039
23.54210526300,0.23076914078
23.59578947400,0.22344313359
23.64947368400,0.20634911679
23.70315789500,0.22344313359
23.75684210500,0.22100113119
23.81052631600,0.22344313359
23.86421052600,0.21367512399
23.91789473700,0.22588513599
23.97157894700,0.23321114318
24.02526315800,0.24297915280
24.07894736800,0.26251517199
24.13263157900,0.26251517199
24.18631578900,0.25030515999
24.24000000000,0.25518916479
24.29368421100,0.25030515999
24.34736842100,0.24297915280
24.40105263200,0.25030515999
24.45473684200,0.23321114318
24.50842105300,0.24053715040
24.56210526300,0.25518916479
24.61578947400,0.23565314560
24.66947368400,0.22100113119
24.72315789500,0.22100113119
24.77684210500,0.20390711440
24.83052631600,0.18925509998
24.88421052600,0.17216108320
24.93789473700,0.16239307360
24.99157894700,0.16971908079
25.04526315800,0.16971908079
25.09894736800,0.16483507599
25.15263157900,0.16239307360
25.20631578900,0.15262506399
25.26000000000,0.15750906880
25.31368421100,0.15506706639
25.36736842100,0.15018306159
25.42105263200,0.14774105919
25.47473684200,0.15506706639
25.52842105300,0.14529905679
25.58210526300,0.14774105919
25.63578947400,0.14285705439
25.68947368400,0.14041505199
25.74315789500,0.13308904479
25.79684210500,0.17216108320
25.85052631600,0.19413910479
25.90421052600,0.20879111919
25.95789473700,0.25274716239
26.01157894700,0.30647121519
26.06526315800,0.32600723439
26.11894736800,0.34798525598
26.17263157900,0.41147731839
26.22631578900,0.44078134719
26.28000000000,0.45543336159
26.33368421100,0.49694740239
26.38736842100,0.55311345759
26.44105263200,0.59462749839
26.49473684200,0.62393152719
26.54842105300,0.68253958479
26.60210526300,0.71916962080
26.65578947400,0.75824165919
26.70947368400,0.79975569999
26.76315789500,0.83150173119
26.81684210500,0.82905972879
26.87052631600,0.86324776240
26.92421052600,0.88522578399
26.97789473700,0.89987779839
27.03157894700,0.95848585599
27.08526315800,0.96825386559
27.13894736800,1.01220990880
27.19263157900,1.01709391360
27.24631578900,1.01465191120
27.30000000000,1.01465191120
27.35368421100,1.04395594000
27.40736842100,1.05128194720
27.46105263200,1.04883994480
27.51473684200,1.02197791840
27.56842105300,0.98778988479
27.62210526300,0.96825386559
27.67578947400,0.94383384159
27.72947368400,0.90476180320
27.78315789500,0.83882773839
27.83684210500,0.78754568799
27.89052631600,0.74358964480
27.94421052600,0.68498158719
27.99789473700,0.62637352959
28.05157894700,0.56776547199
28.10526315800,0.51648342160
28.15894736800,0.47741138320
28.21263157900,0.43833934479
28.26631578900,0.40903531599
28.32000000000,0.38217328959
28.37368421100,0.35286926079
28.42736842100,0.32600723439
28.48105263200,0.29670320559
28.53473684200,0.27472518400
28.58842105300,0.26251517199
28.64210526300,0.25030515999
28.69578947400,0.23809514799
28.74947368400,0.22344313359
28.80315789500,0.20390711440
28.85684210500,0.19413910479
28.91052631600,0.18192909279
28.96421052600,0.17216108320
29.01789473700,0.16483507599
29.07157894700,0.15506706639
29.12526315800,0.15995107120
29.17894736800,0.15018306159
29.23263157900,0.13553104719
29.28631578900,0.12820504000
29.34000000000,0.12576303760
29.39368421100,0.11599502798
29.44736842100,0.12576303760
29.50105263200,0.11111102319
29.55473684200,0.11111102319
29.60842105300,0.10134301359
29.66210526300,0.09645900879
29.71578947400,0.09645900879
29.76947368400,0.10378501599
29.82315789500,0.11355302559
29.87684210500,0.11111102319
29.93052631600,0.11111102319
29.98421052600,0.10866902079
30.03789473700,0.10866902079
30.09157894700,0.09645900879
30.14526315800,0.09890101119
30.19894736800,0.10622701839
30.25263157900,0.11111102319
30.30631578900,0.10622701839
30.36000000000,0.11111102319
30.41368421100,0.10134301359
30.46736842100,0.09645900879
30.52105263200,0.08913300159
30.57473684200,0.08424899680
30.62842105300,0.09890101119
30.68210526300,0.09157500399
30.73578947400,0.08424899680
30.78947368400,0.08180699440
30.84315789500,0.07936499199
30.89684210500,0.07692298959
30.95052631600,0.07203898478
31.00421052600,0.06715497999
31.05789473700,0.06715497999
31.11157894700,0.06715497999
31.16526315800,0.05982897279
31.21894736800,0.06959698239
31.27263157900,0.06959698239
31.32631578900,0.06715497999
31.38000000000,0.06471297759
31.43368421100,0.06471297759
31.48736842100,0.07692298959
31.54105263200,0.07203898478
31.59473684200,0.07448098718
31.64842105300,0.07203898478
31.70210526300,0.06959698239
31.75578947400,0.07203898478
31.80947368400,0.06227097519
31.86315789500,0.06715497999
31.91684210500,0.06715497999
31.97052631600,0.08180699440
32.02421052600,0.07936499199
32.07789473700,0.07936499199
32.13157894700,0.09401700639
32.18526315800,0.09157500399
32.23894736800,0.08913300159
32.29263157900,0.08913300159
32.34631579000,0.08669099920
32.40000000000,0.09157500399
32.45368421100,0.09157500399
32.50736842100,0.10134301359
32.56105263200,0.09401700639
32.61473684200,0.09401700639
32.66842105300,0.08913300159
32.72210526300,0.08180699440
32.77578947400,0.07448098718
32.82947368400,0.07203898478
32.88315789500,0.06959698239
32.93684210500,0.06471297759
32.99052631600,0.06227097519
33.04421052600,0.05982897279
33.09789473700,0.05250296559
33.15157894700,0.05006096319
33.20526315800,0.04029295360
33.25894736800,0.04029295360
33.31263157900,0.04029295360
33.36631578900,0.05738697039
33.42000000000,0.06227097519
33.47368421100,0.06715497999
33.52736842100,0.07203898478
33.58105263200,0.07203898478
33.63473684200,0.06471297759
33.68842105300,0.05982897279
33.74210526300,0.05494496799
33.79578947400,0.06227097519
33.84947368400,0.05494496799
33.90315789500,0.05494496799
33.95684210500,0.05250296559
34.01052631600,0.04761896079
34.06421052600,0.04761896079
34.11789473700,0.04273495600
34.17157894700,0.04517695840
34.22526315800,0.04761896079
34.27894736800,0.04273495600
34.33263157900,0.03785095119
34.38631578900,0.03540894879
34.44000000000,0.02808294159
34.49368421100,0.02808294159
34.54736842100,0.02564093919
34.60105263200,0.02808294159
34.65473684200,0.03296694639
34.70842105300,0.02808294159
34.76210526300,0.03785095119
34.81578947400,0.03296694639
34.86947368400,0.03052494399
34.92315789500,0.04029295360
34.97684210500,0.03540894879
35.03052631600,0.03052494399
35.08421052600,0.04517695840
35.13789473700,0.04517695840
35.19157894700,0.04273495600
35.24526315800,0.04273495600
35.29894736800,0.04029295360
35.35263157900,0.03296694639
35.40631579000,0.03296694639
35.46000000000,0.03052494399
35.51368421100,0.02564093919
35.56736842100,0.02564093919
35.62105263200,0.03296694639
35.67473684200,0.03785095119
35.72842105300,0.04273495600
35.78210526300,0.04029295360
35.83578947400,0.04029295360
35.88947368400,0.05006096319
35.94315789500,0.04761896079
35.99684210500,0.04761896079
36.05052631600,0.05494496799
36.10421052600,0.05982897279
36.15789473700,0.05494496799
36.21157894700,0.05738697039
36.26526315800,0.05982897279
36.31894736800,0.05494496799
36.37263157900,0.05006096319
36.42631578900,0.05250296559
36.48000000000,0.05250296559
36.53368421100,0.06227097519
36.58736842100,0.05494496799
36.64105263200,0.05006096319
36.69473684200,0.05250296559
36.74842105300,0.05494496799
36.80210526300,0.05494496799
36.85578947400,0.05006096319
36.90947368400,0.05494496799
36.96315789500,0.05006096319
37.01684210500,0.04517695840
37.07052631600,0.04029295360
37.12421052600,0.04273495600
37.17789473700,0.04273495600
37.23157894700,0.04273495600
37.28526315800,0.04029295360
37.33894736800,0.03540894879
37.39263157900,0.03052494399
37.44631578900,0.03052494399
37.50000000000,0.02564093919
37.55368421100,0.02319893679
37.60736842100,0.02075693439
37.66105263200,0.02319893679
37.71473684200,0.02075693439
37.76842105300,0.03296694639
37.82210526300,0.03785095119
37.87578947400,0.04029295360
37.92947368400,0.03785095119
37.98315789500,0.04273495600
38.03684210500,0.04761896079
38.09052631600,0.04273495600
38.14421052600,0.05006096319
38.19789473700,0.05006096319
38.25157894700,0.04517695840
38.30526315800,0.05006096319
38.35894736800,0.04761896079
38.41263157900,0.05006096319
38.46631578900,0.06471297759
38.52000000000,0.07203898478
38.57368421100,0.06471297759
38.62736842100,0.05982897279
38.68105263200,0.05738697039
38.73473684200,0.06227097519
38.78842105300,0.05494496799
38.84210526300,0.05494496799
38.89578947400,0.05250296559
38.94947368400,0.05738697039
39.00315789500,0.05982897279
39.05684210500,0.05494496799
39.11052631600,0.05738697039
39.16421052600,0.05494496799
39.21789473700,0.05006096319
39.27157894700,0.05738697039
39.32526315800,0.05494496799
39.37894736800,0.05738697039
39.43263157900,0.05250296559
39.48631579000,0.04517695840
39.54000000000,0.04029295360
39.59368421100,0.05006096319
39.64736842100,0.04273495600
39.70105263200,0.04029295360
39.75473684200,0.04029295360
39.80842105300,0.04273495600
39.86210526300,0.04761896079
39.91578947400,0.04517695840
39.96947368400,0.04517695840
40.02315789500,0.05006096319
40.07684210500,0.04761896079
40.13052631600,0.05738697039
40.18421052600,0.05006096319
40.23789473700,0.04273495600
40.29157894700,0.05494496799
40.34526315800,0.05006096319
40.39894736800,0.05494496799
40.45263157900,0.05250296559
40.50631578900,0.05738697039
40.56000000000,0.05738697039
40.61368421100,0.04761896079
40.66736842100,0.04517695840
40.72105263200,0.04517695840
40.77473684200,0.04029295360
40.82842105300,0.03540894879
40.88210526300,0.03296694639
40.93578947400,0.03052494399
40.98947368400,0.03296694639
41.04315789500,0.03540894879
41.09684210500,0.03296694639
41.15052631600,0.02564093919
41.20421052600,0.03296694639
41.25789473700,0.03540894879
41.31157894700,0.02808294159
41.36526315800,0.03296694639
41.41894736800,0.02564093919
41.47263157900,0.02564093919
41.52631579000,0.02808294159
41.58000000000,0.03296694639
41.63368421100,0.02808294159
41.68736842100,0.02319893679
41.74105263200,0.02564093919
41.79473684200,0.02075693439
41.84842105300,0.02319893679
41.90210526300,0.03296694639
41.95578947400,0.03052494399
42.00947368400,0.02564093919
42.06315789500,0.03540894879
42.11684210500,0.03296694639
42.17052631600,0.04273495600
42.22421052600,0.03785095119
42.27789473700,0.04029295360
42.33157894700,0.04029295360
42.38526315800,0.04273495600
42.43894736800,0.04273495600
42.49263157900,0.04761896079
42.54631579000,0.05006096319
42.60000000000,0.05250296559
42.65368421100,0.06471297759
42.70736842100,0.05982897279
42.76105263200,0.05250296559
42.81473684200,0.05006096319
42.86842105300,0.05250296559
42.92210526300,0.05006096319
42.97578947400,0.04761896079
43.02947368400,0.05738697039
43.08315789500,0.05006096319
43.13684210500,0.04517695840
43.19052631600,0.04273495600
43.24421052600,0.04273495600
43.29789473700,0.04273495600
43.35157894700,0.03785095119
43.40526315800,0.04029295360
43.45894736800,0.03785095119
43.51263157900,0.04273495600
43.56631579000,0.03785095119
43.62000000000,0.03540894879
43.67368421100,0.03540894879
43.72736842100,0.03540894879
43.78105263200,0.03296694639
43.83473684200,0.03052494399
43.88842105300,0.02564093919
43.94210526300,0.02319893679
43.99578947400,0.02319893679
44.04947368400,0.02319893679
44.10315789500,0.02808294159
44.15684210500,0.04517695840
44.21052631600,0.04517695840
44.26421052600,0.04029295360
44.31789473700,0.03785095119
44.37157894700,0.03296694639
44.42526315800,0.03052494399
44.47894736800,0.03052494399
44.53263157900,0.04273495600
44.58631578900,0.03785095119
44.64000000000,0.04273495600
44.69368421100,0.04273495600
44.74736842100,0.04517695840
44.80105263200,0.04029295360
44.85473684200,0.04761896079
44.90842105300,0.04517695840
44.96210526300,0.04029295360
45.01578947400,0.05738697039
45.06947368400,0.05738697039
45.12315789500,0.05738697039
45.17684210500,0.06227097519
45.23052631600,0.06959698239
45.28421052600,0.06959698239
45.33789473700,0.06227097519
45.39157894700,0.06715497999
45.44526315800,0.07203898478
45.49894736800,0.08180699440
45.55263157900,0.07936499199
45.60631578900,0.08180699440
45.66000000000,0.07936499199
45.71368421100,0.08180699440
45.76736842100,0.07692298959
45.82105263200,0.07692298959
45.87473684200,0.07448098718
45.92842105300,0.06471297759
45.98210526300,0.05982897279
46.03578947400,0.05250296559
46.08947368400,0.05006096319
46.14315789500,0.05250296559
46.19684210500,0.04761896079
46.25052631600,0.04273495600
46.30421052600,0.04761896079
46.35789473700,0.04029295360
46.41157894700,0.03785095119
46.46526315800,0.03540894879
46.51894736800,0.03296694639
46.57263157900,0.02808294159
46.62631578900,0.02075693439
46.68000000000,0.02808294159
46.73368421000,0.03540894879
46.78736842100,0.03785095119
46.84105263200,0.03296694639
46.89473684200,0.02808294159
46.94842105300,0.02808294159
47.00210526300,0.02319893679
47.05578947400,0.02319893679
47.10947368400,0.03540894879
47.16315789500,0.04029295360
47.21684210500,0.04029295360
47.27052631600,0.04517695840
47.32421052600,0.04029295360
47.37789473700,0.03540894879
47.43157894700,0.03296694639
47.48526315800,0.03785095119
47.53894736800,0.03785095119
47.59263157900,0.04517695840
47.64631578900,0.04761896079
47.70000000000,0.04761896079
47.75368421100,0.06471297759
47.80736842100,0.06959698239
47.86105263200,0.06959698239
47.91473684200,0.06959698239
47.96842105300,0.06715497999
48.02210526300,0.06471297759
48.07578947400,0.05982897279
48.12947368400,0.05250296559
48.18315789500,0.04761896079
48.23684210500,0.04029295360
48.29052631600,0.04029295360
48.34421052600,0.04761896079
48.39789473700,0.05250296559
48.45157894700,0.05006096319
48.50526315800,0.05006096319
48.55894736800,0.05006096319
48.61263157900,0.05006096319
48.66631578900,0.05006096319
48.72000000000,0.04517695840
48.77368421100,0.04761896079
48.82736842100,0.05250296559
48.88105263200,0.04273495600
48.93473684200,0.04273495600
48.98842105300,0.04517695840
49.04210526300,0.04029295360
49.09578947400,0.03785095119
49.14947368400,0.03052494399
49.20315789500,0.03785095119
49.25684210500,0.03785095119
49.31052631600,0.03540894879
49.36421052600,0.03296694639
49.41789473700,0.02808294159
49.47157894700,0.03296694639
49.52526315800,0.03052494399
49.57894736800,0.03540894879
49.63263157900,0.03540894879
49.68631578900,0.04517695840
49.74000000000,0.04761896079
49.79368421100,0.05006096319
49.84736842100,0.05250296559
49.90105263200,0.04517695840
49.95473684200,0.04761896079
50.00842105300,0.05250296559
50.06210526300,0.05494496799
50.11578947400,0.05006096319
50.16947368400,0.04029295360
50.22315789500,0.05006096319
50.27684210500,0.04517695840
50.33052631600,0.04029295360
50.38421052600,0.03540894879
50.43789473700,0.03296694639
50.49157894700,0.03785095119
50.54526315800,0.05006096319
50.59894736800,0.04761896079
50.65263157900,0.06227097519
50.70631579000,0.06471297759
50.76000000000,0.05982897279
50.81368421100,0.06227097519
50.86736842100,0.05494496799
50.92105263200,0.05738697039
50.97473684200,0.06715497999
51.02842105300,0.05982897279
51.08210526300,0.05250296559
51.13578947400,0.05006096319
51.18947368400,0.04517695840
51.24315789500,0.04029295360
51.29684210500,0.03785095119
51.35052631600,0.03296694639
51.40421052600,0.03052494399
51.45789473700,0.02808294159
51.51157894700,0.03296694639
51.56526315800,0.02808294159
51.61894736800,0.02564093919
51.67263157900,0.02564093919
51.72631578900,0.02808294159
51.78000000000,0.03296694639
51.83368421100,0.03785095119
51.88736842100,0.03785095119
51.94105263200,0.03540894879
51.99473684200,0.04029295360
52.04842105300,0.04273495600
52.10210526300,0.04273495600
52.15578947400,0.03540894879
52.20947368400,0.03540894879
52.26315789500,0.03052494399
52.31684210500,0.03296694639
52.37052631600,0.03296694639
52.42421052600,0.04517695840
52.47789473700,0.05738697039
52.53157894700,0.06471297759
52.58526315800,0.06471297759
52.63894736800,0.06227097519
52.69263157900,0.06471297759
52.74631578900,0.05982897279
52.80000000000,0.06227097519
52.85368421000,0.05982897279
52.90736842100,0.06227097519
52.96105263200,0.06471297759
53.01473684200,0.07692298959
53.06842105300,0.07936499199
53.12210526300,0.08180699440
53.17578947400,0.07203898478
53.22947368400,0.06959698239
53.28315789500,0.06471297759
53.33684210500,0.06471297759
53.39052631600,0.05982897279
53.44421052600,0.05982897279
53.49789473700,0.07203898478
53.55157894700,0.07203898478
53.60526315800,0.07203898478
53.65894736800,0.07936499199
53.71263157900,0.07448098718
53.76631578900,0.07936499199
53.82000000000,0.08180699440
53.87368421100,0.08424899680
53.92736842100,0.09645900879
53.98105263200,0.09401700639
54.03473684200,0.10134301359
54.08842105300,0.09401700639
54.14210526300,0.09890101119
54.19578947400,0.08913300159
54.24947368400,0.08913300159
54.30315789500,0.08180699440
54.35684210500,0.08669099920
54.41052631600,0.08913300159
54.46421052600,0.09890101119
54.51789473700,0.08913300159
54.57157894700,0.09401700639
54.62526315800,0.10134301359
54.67894736800,0.10378501599
54.73263157900,0.10866902079
54.78631578900,0.10378501599
54.84000000000,0.10378501599
54.89368421100,0.10134301359
54.94736842100,0.08913300159
55.00105263200,0.09401700639
55.05473684200,0.08913300159
55.10842105300,0.08669099920
55.16210526300,0.08913300159
55.21578947400,0.07692298959
55.26947368400,0.07692298959
55.32315789500,0.07203898478
55.37684210500,0.07203898478
55.43052631600,0.08424899680
55.48421052600,0.07936499199
55.53789473700,0.07203898478
55.59157894700,0.07936499199
55.64526315800,0.06959698239
55.69894736800,0.07448098718
55.75263157900,0.06471297759
55.80631578900,0.07203898478
55.86000000000,0.06471297759
55.91368421100,0.06715497999
55.96736842100,0.05982897279
56.02105263200,0.05006096319
56.07473684200,0.05250296559
56.12842105300,0.05250296559
56.18210526300,0.05006096319
56.23578947400,0.04517695840
56.28947368400,0.04517695840
56.34315789500,0.05006096319
56.39684210500,0.05250296559
56.45052631600,0.05006096319
56.50421052600,0.05250296559
56.55789473700,0.05250296559
56.61157894700,0.06715497999
56.66526315800,0.05982897279
56.71894736800,0.06227097519
56.77263157900,0.05738697039
56.82631579000,0.05738697039
56.88000000000,0.05738697039
56.93368421100,0.06471297759
56.98736842100,0.05738697039
57.04105263200,0.05738697039
57.09473684200,0.05738697039
57.14842105300,0.05006096319
57.20210526300,0.04517695840
57.25578947400,0.04273495600
57.30947368400,0.03785095119
57.36315789500,0.04761896079
57.41684210500,0.05006096319
57.47052631600,0.04761896079
57.52421052600,0.05738697039
57.57789473700,0.05494496799
57.63157894700,0.05250296559
57.68526315800,0.04761896079
57.73894736800,0.04517695840
57.79263157900,0.04517695840
57.84631579000,0.04517695840
57.90000000000,0.04273495600
57.95368421100,0.04273495600
58.00736842100,0.03785095119
58.06105263200,0.03785095119
58.11473684200,0.04029295360
58.16842105300,0.04761896079
58.22210526300,0.05250296559
58.27578947400,0.05250296559
58.32947368400,0.04761896079
58.38315789500,0.04273495600
58.43684210500,0.04029295360
58.49052631600,0.05006096319
58.54421052600,0.04273495600
58.59789473700,0.04273495600
58.65157894700,0.04761896079
58.70526315800,0.04761896079
58.75894736800,0.04273495600
58.81263157900,0.04029295360
58.86631578900,0.04517695840
58.92000000000,0.04517695840
58.97368421100,0.04517695840
59.02736842100,0.04517695840
59.08105263200,0.04273495600
59.13473684200,0.04029295360
59.18842105300,0.05250296559
59.24210526300,0.05006096319
59.29578947400,0.05250296559
59.34947368400,0.04517695840
59.40315789500,0.05006096319
59.45684210500,0.04761896079
59.51052631600,0.06715497999
59.56421052600,0.07692298959
59.61789473700,0.07448098718
59.67157894700,0.07448098718
59.72526315800,0.07203898478
59.77894736800,0.07936499199
59.83263157900,0.08180699440
59.88631578900,0.07936499199
59.94000000000,0.07936499199
59.99368421000,0.06959698239
60.04736842100,0.07448098718
60.10105263200,0.08180699440
60.15473684200,0.09157500399
60.20842105300,0.10134301359
60.26210526300,0.10378501599
60.31578947400,0.10866902079
60.36947368400,0.11843703040
60.42315789500,0.13064704240
60.47684210500,0.13064704240
60.53052631600,0.11843703040
60.58421052600,0.12332103519
60.63789473700,0.13553104719
60.69157894700,0.14529905679
60.74526315800,0.17460308559
60.79894736800,0.18681309759
60.85263157900,0.19658110720
60.90631578900,0.20634911679
60.96000000000,0.19169710239
61.01368421100,0.19658110720
61.06736842100,0.22588513599
61.12105263200,0.23809514799
61.17473684200,0.27716718640
61.22842105300,0.28937719839
61.28210526300,0.29914520799
61.33578947400,0.32112322959
61.38947368400,0.32112322959
61.44315789500,0.33577524399
61.49684210500,0.33089123919
61.55052631600,0.32112322959
61.60421052600,0.32844923679
61.65789473700,0.34310125119
61.71157894700,0.34310125119
61.76526315800,0.33089123919
61.81894736800,0.32356523199
61.87263157900,0.31379722240
61.92631578900,0.31379722240
61.98000000000,0.29914520799
62.03368421000,0.27716718640
62.08736842100,0.26007316959
62.14105263200,0.25518916479
62.19473684200,0.24053715040
62.24842105300,0.22832713839
62.30210526300,0.22344313359
62.35578947400,0.20634911679
62.40947368400,0.19413910479
62.46315789500,0.18437109519
62.51684210500,0.17704508799
62.57052631600,0.15995107120
62.62421052600,0.15995107120
62.67789473700,0.14529905679
62.73157894700,0.13308904479
62.78526315800,0.12820504000
62.83894736800,0.11599502798
62.89263157900,0.11355302559
62.94631578900,0.10622701839
63.00000000000,0.09401700639
63.05368421100,0.08669099920
63.10736842100,0.08669099920
63.16105263200,0.07936499199
63.21473684200,0.07203898478
63.26842105300,0.06227097519
63.32210526300,0.06471297759
63.37578947400,0.06227097519
63.42947368400,0.05982897279
63.48315789500,0.05982897279
63.53684210500,0.06471297759
63.59052631600,0.06227097519
63.64421052600,0.05494496799
63.69789473700,0.04761896079
63.75157894700,0.05494496799
63.80526315800,0.04761896079
63.85894736800,0.04273495600
63.91263157900,0.05006096319
63.96631579000,0.05250296559
64.02000000000,0.05006096319
64.07368421100,0.05250296559
64.12736842100,0.05982897279
64.18105263200,0.05982897279
64.23473684200,0.05250296559
64.28842105300,0.05250296559
64.34210526300,0.04517695840
64.39578947400,0.04517695840
64.44947368400,0.04029295360
64.50315789500,0.03785095119
64.55684210500,0.04273495600
64.61052631600,0.04517695840
64.66421052600,0.04029295360
64.71789473700,0.03785095119
64.77157894700,0.03296694639
64.82526315800,0.03296694639
64.87894736800,0.02564093919
64.93263157900,0.02564093919
64.98631579000,0.03785095119
65.04000000000,0.03296694639
65.09368421100,0.03785095119
65.14736842100,0.03785095119
65.20105263200,0.04029295360
65.25473684200,0.03296694639
65.30842105300,0.03296694639
65.36210526300,0.04029295360
65.41578947400,0.03540894879
65.46947368400,0.04029295360
65.52315789500,0.04029295360
65.57684210500,0.03785095119
65.63052631600,0.03296694639
65.68421052600,0.03540894879
65.73789473700,0.04029295360
65.79157894700,0.03540894879
65.84526315800,0.03296694639
65.89894736900,0.03052494399
65.95263157900,0.02808294159
66.00631578900,0.02319893679
66.06000000000,0.02075693439
66.11368421100,0.02808294159
66.16736842100,0.02564093919
66.22105263200,0.02075693439
66.27473684200,0.01831493199
66.32842105300,0.01831493199
66.38210526300,0.01831493199
66.43578947400,0.02564093919
66.48947368400,0.02319893679
66.54315789500,0.02075693439
66.59684210500,0.03296694639
66.65052631600,0.03296694639
66.70421052600,0.02808294159
66.75789473700,0.04029295360
66.81157894700,0.04029295360
66.86526315800,0.03785095119
66.91894736800,0.04517695840
66.97263157900,0.05250296559
67.02631579000,0.05494496799
67.08000000000,0.05006096319
67.13368421100,0.05006096319
67.18736842100,0.04761896079
67.24105263200,0.04273495600
67.29473684200,0.03785095119
67.34842105300,0.03785095119
67.40210526300,0.03296694639
67.45578947400,0.03052494399
67.50947368400,0.02808294159
67.56315789500,0.03785095119
67.61684210500,0.03540894879
67.67052631600,0.03296694639
67.72421052600,0.03296694639
67.77789473700,0.03052494399
67.83157894700,0.02808294159
67.88526315800,0.02319893679
67.93894736800,0.02564093919
67.99263157900,0.03052494399
68.04631578900,0.02808294159
68.10000000000,0.02564093919
68.15368421100,0.03052494399
68.20736842100,0.03052494399
68.26105263200,0.03296694639
68.31473684200,0.03785095119
68.36842105300,0.03785095119
68.42210526300,0.03296694639
68.47578947400,0.03785095119
68.52947368400,0.03785095119
68.58315789500,0.03785095119
68.63684210500,0.03540894879
68.69052631600,0.03052494399
68.74421052600,0.03785095119
68.79789473700,0.04029295360
68.85157894700,0.03785095119
68.90526315800,0.03785095119
68.95894736800,0.03296694639
69.01263157900,0.03052494399
69.06631579000,0.03540894879
69.12000000000,0.04273495600
69.17368421100,0.04517695840
69.22736842100,0.04273495600
69.28105263200,0.05006096319
69.33473684200,0.05006096319
69.38842105300,0.04517695840
69.44210526300,0.05006096319
69.49578947400,0.05006096319
69.54947368400,0.04273495600
69.60315789500,0.04273495600
69.65684210500,0.04517695840
69.71052631600,0.03785095119
69.76421052600,0.04517695840
69.81789473700,0.04273495600
69.87157894700,0.03785095119
69.92526315800,0.03540894879
69.97894736800,0.03052494399
70.03263157900,0.03052494399
70.08631578900,0.03052494399
70.14000000000,0.02319893679
70.19368421100,0.02808294159
70.24736842100,0.02319893679
70.30105263200,0.02319893679
70.35473684200,0.03296694639
70.40842105300,0.03052494399
70.46210526300,0.02564093919
70.51578947400,0.02808294159
70.56947368400,0.03540894879
70.62315789500,0.03296694639
70.67684210500,0.03785095119
70.73052631600,0.03785095119
70.78421052600,0.03540894879
70.83789473700,0.03296694639
70.89157894700,0.04517695840
70.94526315800,0.04273495600
70.99894736800,0.03785095119
71.05263157900,0.03540894879
71.10631579000,0.04029295360
71.16000000000,0.03785095119
71.21368421100,0.03296694639
71.26736842100,0.03540894879
71.32105263200,0.04029295360
71.37473684200,0.03785095119
71.42842105300,0.04517695840
71.48210526300,0.04029295360
71.53578947400,0.04029295360
71.58947368400,0.04273495600
71.64315789500,0.05250296559
71.69684210500,0.04761896079
71.75052631600,0.05006096319
71.80421052600,0.04761896079
71.85789473700,0.05006096319
71.91157894700,0.04517695840
71.96526315800,0.05006096319
72.01894736800,0.05250296559
72.07263157900,0.04761896079
72.12631579000,0.05006096319
72.18000000000,0.04273495600
72.23368421100,0.05250296559
72.28736842100,0.05006096319
72.34105263200,0.04517695840
72.39473684200,0.04273495600
72.44842105300,0.04029295360
72.50210526300,0.04273495600
72.55578947400,0.04029295360
72.60947368400,0.03785095119
72.66315789500,0.04029295360
72.71684210500,0.03785095119
72.77052631600,0.03052494399
72.82421052600,0.04761896079
72.87789473700,0.04517695840
72.93157894700,0.03785095119
72.98526315800,0.03785095119
73.03894736900,0.03296694639
73.09263157900,0.03540894879
73.14631579000,0.03052494399
73.20000000000,0.03540894879
73.25368421100,0.04273495600
73.30736842100,0.03540894879
73.36105263200,0.03785095119
73.41473684200,0.03540894879
73.46842105300,0.03052494399
73.52210526300,0.03052494399
73.57578947400,0.03540894879
73.62947368400,0.03296694639
73.68315789500,0.03052494399
73.73684210500,0.02564093919
73.79052631600,0.03296694639
73.84421052600,0.03785095119
73.89789473700,0.03540894879
73.95157894700,0.03296694639
74.00526315800,0.03296694639
74.05894736800,0.03540894879
74.11263157900,0.03540894879
74.16631578900,0.04029295360
74.22000000000,0.03540894879
74.27368421100,0.03052494399
74.32736842100,0.03052494399
74.38105263200,0.04273495600
74.43473684200,0.04273495600
74.48842105300,0.03785095119
74.54210526300,0.03785095119
74.59578947400,0.03540894879
74.64947368400,0.03052494399
74.70315789500,0.03052494399
74.75684210500,0.03296694639
74.81052631600,0.03052494399
74.86421052600,0.03052494399
74.91789473700,0.03052494399
74.97157894700,0.03296694639
75.02526315800,0.04029295360
75.07894736800,0.03785095119
75.13263157900,0.04517695840
75.18631579000,0.05006096319
75.24000000000,0.04517695840
75.29368421100,0.04273495600
75.34736842100,0.03785095119
75.40105263100,0.03785095119
75.45473684200,0.04029295360
75.50842105300,0.03785095119
75.56210526300,0.03296694639
75.61578947400,0.03052494399
75.66947368400,0.03540894879
75.72315789500,0.03785095119
75.77684210500,0.03296694639
75.83052631600,0.03296694639
75.88421052600,0.03296694639
75.93789473700,0.04273495600
75.99157894700,0.05006096319
76.04526315800,0.04517695840
76.09894736800,0.04517695840
76.15263157900,0.04029295360
76.20631578900,0.05250296559
76.26000000000,0.05494496799
76.31368421100,0.05738697039
76.36736842100,0.05250296559
76.42105263200,0.04761896079
76.47473684200,0.06227097519
76.52842105300,0.05738697039
76.58210526300,0.05250296559
76.63578947400,0.05250296559
76.68947368400,0.04761896079
76.74315789500,0.05982897279
76.79684210500,0.05982897279
76.85052631600,0.05982897279
76.90421052600,0.05494496799
76.95789473700,0.05738697039
77.01157894700,0.05982897279
77.06526315800,0.05006096319
77.11894736900,0.05250296559
77.17263157900,0.04761896079
77.22631579000,0.05006096319
77.28000000000,0.05006096319
77.33368421100,0.04761896079
77.38736842100,0.05250296559
77.44105263200,0.05006096319
77.49473684200,0.05250296559
77.54842105300,0.05250296559
77.60210526300,0.05006096319
77.65578947400,0.04761896079
77.70947368400,0.05738697039
77.76315789500,0.06227097519
77.81684210500,0.05982897279
77.87052631600,0.05738697039
77.92421052600,0.05494496799
77.97789473700,0.05250296559
78.03157894700,0.05982897279
78.08526315800,0.05738697039
78.13894736800,0.05006096319
78.19263157900,0.05006096319
78.24631579000,0.05250296559
78.30000000000,0.05250296559
78.35368421100,0.04761896079
78.40736842100,0.04273495600
78.46105263200,0.04029295360
78.51473684200,0.03540894879
78.56842105300,0.04273495600
78.62210526300,0.04517695840
78.67578947400,0.03785095119
78.72947368400,0.03785095119
78.78315789500,0.04029295360
78.83684210500,0.04517695840
78.89052631600,0.04273495600
78.94421052600,0.04273495600
78.99789473700,0.03785095119
79.05157894700,0.03540894879
79.10526315800,0.03540894879
79.15894736800,0.03785095119
79.21263157900,0.03785095119
79.26631578900,0.04029295360
79.32000000000,0.03785095119
79.37368421100,0.03296694639
79.42736842100,0.03296694639
79.48105263200,0.03785095119
79.53473684200,0.04029295360
79.58842105300,0.04029295360
79.64210526300,0.05494496799
79.69578947400,0.05494496799
79.74947368400,0.05738697039
79.80315789500,0.05006096319
79.85684210500,0.05250296559
79.91052631600,0.05982897279
79.96421052600,0.05494496799
80.01789473700,0.04761896079
80.07157894700,0.04517695840
80.12526315800,0.04029295360
80.17894736800,0.03785095119
80.23263157900,0.03540894879
80.28631578900,0.03296694639
80.34000000000,0.03052494399
80.39368421100,0.03540894879
80.44736842100,0.03052494399
80.50105263200,0.02808294159
80.55473684200,0.02564093919
80.60842105300,0.02564093919
80.66210526300,0.03785095119
80.71578947400,0.04029295360
80.76947368400,0.03540894879
80.82315789500,0.03296694639
80.87684210500,0.03296694639
80.93052631600,0.02808294159
80.98421052600,0.02564093919
81.03789473700,0.02319893679
81.09157894700,0.02075693439
81.14526315800,0.01831493199
81.19894736900,0.02808294159
81.25263157900,0.02564093919
81.30631578900,0.02319893679
81.36000000000,0.02319893679
81.41368421000,0.03052494399
81.46736842100,0.02808294159
81.52105263200,0.02564093919
81.57473684200,0.02564093919
81.62842105300,0.02319893679
81.68210526300,0.02564093919
81.73578947400,0.03296694639
81.78947368400,0.02808294159
81.84315789500,0.03052494399
81.89684210500,0.03785095119
81.95052631600,0.03052494399
82.00421052600,0.03052494399
82.05789473700,0.02564093919
82.11157894700,0.02564093919
82.16526315800,0.02319893679
82.21894736800,0.02075693439
82.27263157900,0.01831493199
82.32631579000,0.02564093919
82.38000000000,0.02319893679
82.43368421100,0.02075693439
82.48736842100,0.02319893679
82.54105263200,0.02075693439
82.59473684200,0.02564093919
82.64842105300,0.02564093919
82.70210526300,0.03785095119
82.75578947400,0.03296694639
82.80947368400,0.03540894879
82.86315789500,0.03296694639
82.91684210500,0.03052494399
82.97052631600,0.04029295360
83.02421052600,0.03540894879
83.07789473700,0.03296694639
83.13157894800,0.03296694639
83.18526315800,0.03052494399
83.23894736900,0.02075693439
83.29263157900,0.04029295360
83.34631579000,0.03296694639
83.40000000000,0.03296694639
83.45368421100,0.02808294159
83.50736842100,0.02564093919
83.56105263200,0.02564093919
83.61473684200,0.02075693439
83.66842105300,0.02319893679
83.72210526300,0.02319893679
83.77578947400,0.03052494399
83.82947368400,0.03540894879
83.88315789500,0.03540894879
83.93684210500,0.03296694639
83.99052631600,0.03052494399
84.04421052600,0.02319893679
84.09789473700,0.02319893679
84.15157894700,0.02075693439
84.20526315800,0.02319893679
84.25894736900,0.02319893679
84.31263157900,0.02808294159
84.36631579000,0.03785095119
84.42000000000,0.03785095119
84.47368421100,0.04029295360
84.52736842100,0.03540894879
84.58105263200,0.03785095119
84.63473684200,0.03052494399
84.68842105300,0.02808294159
84.74210526300,0.03296694639
84.79578947400,0.04029295360
84.84947368400,0.03785095119
84.90315789500,0.04029295360
84.95684210500,0.03785095119
85.01052631600,0.03540894879
85.06421052600,0.03296694639
85.11789473700,0.03785095119
85.17157894700,0.04517695840
85.22526315800,0.04273495600
85.27894736800,0.04029295360
85.33263157900,0.04029295360
85.38631578900,0.05250296559
85.44000000000,0.05006096319
85.49368421100,0.04761896079
85.54736842100,0.03785095119
85.60105263200,0.04761896079
85.65473684200,0.04517695840
85.70842105300,0.04761896079
85.76210526300,0.04761896079
85.81578947400,0.04273495600
85.86947368400,0.03785095119
85.92315789500,0.04029295360
85.97684210500,0.03540894879
86.03052631600,0.03296694639
86.08421052600,0.03296694639
86.13789473700,0.03785095119
86.19157894700,0.03785095119
86.24526315800,0.03296694639
86.29894736800,0.03785095119
86.35263157900,0.03785095119
86.40631578900,0.03785095119
86.46000000000,0.03296694639
86.51368421100,0.02564093919
86.56736842100,0.02564093919
86.62105263200,0.02319893679
86.67473684200,0.02319893679
86.72842105300,0.02319893679
86.78210526300,0.02075693439
86.83578947400,0.01831493199
86.88947368400,0.01831493199
86.94315789500,0.01587292959
86.99684210500,0.01831493199
87.05052631600,0.01831493199
87.10421052600,0.02075693439
87.15789473700,0.02075693439
87.21157894700,0.01587292959
87.26526315800,0.02319893679
87.31894736800,0.02319893679
87.37263157900,0.03296694639
87.42631578900,0.04517695840
87.48000000000,0.04029295360
87.53368421100,0.03785095119
87.58736842100,0.04517695840
87.64105263200,0.04029295360
87.69473684200,0.04517695840
87.74842105300,0.05006096319
87.80210526300,0.04761896079
87.85578947400,0.04517695840
87.90947368400,0.04273495600
87.96315789500,0.03540894879
88.01684210500,0.04029295360
88.07052631600,0.03540894879
88.12421052600,0.04029295360
88.17789473700,0.03540894879
88.23157894700,0.04273495600
88.28526315800,0.04273495600
88.33894736800,0.04029295360
88.39263157900,0.03296694639
88.44631578900,0.03540894879
88.50000000000,0.03296694639
88.55368421000,0.03296694639
88.60736842100,0.04029295360
88.66105263200,0.04761896079
88.71473684200,0.05006096319
88.76842105300,0.05982897279
88.82210526300,0.05494496799
88.87578947400,0.05006096319
88.92947368400,0.04761896079
88.98315789500,0.04761896079
89.03684210500,0.04761896079
89.09052631600,0.05006096319
89.14421052600,0.04761896079
89.19789473700,0.04029295360
89.25157894700,0.04029295360
89.30526315800,0.04517695840
89.35894736800,0.04761896079
89.41263157900,0.04517695840
89.46631578900,0.05494496799
89.52000000000,0.05738697039
89.57368421000,0.05982897279
89.62736842100,0.06471297759
89.68105263200,0.05982897279
89.73473684200,0.05250296559
89.78842105300,0.05982897279
89.84210526300,0.06959698239
89.89578947400,0.06715497999
89.94947368400,0.06959698239
90.00315789500,0.06715497999
90.05684210500,0.05738697039
90.11052631600,0.05738697039
90.16421052600,0.05494496799
90.21789473700,0.05494496799
90.27157894700,0.05006096319
90.32526315800,0.05006096319
90.37894736800,0.05250296559
90.43263157900,0.07448098718
90.48631579000,0.08180699440
90.54000000000,0.08180699440
90.59368421100,0.07692298959
90.64736842100,0.06959698239
90.70105263200,0.06715497999
90.75473684200,0.05982897279
90.80842105300,0.05494496799
90.86210526300,0.05006096319
90.91578947400,0.05250296559
90.96947368400,0.05738697039
91.02315789500,0.05738697039
91.07684210500,0.05738697039
91.13052631600,0.05250296559
91.18421052600,0.04517695840
91.23789473700,0.04517695840
91.29157894700,0.04273495600
91.34526315800,0.04761896079
91.39894736800,0.05006096319
91.45263157900,0.05006096319
91.50631578900,0.04273495600
91.56000000000,0.05006096319
91.61368421100,0.04517695840
91.66736842100,0.04761896079
91.72105263200,0.06471297759
91.77473684200,0.05494496799
91.82842105300,0.05006096319
91.88210526300,0.04761896079
91.93578947400,0.04273495600
91.98947368400,0.04273495600
92.04315789500,0.04273495600
92.09684210500,0.04029295360
92.15052631600,0.03296694639
92.20421052600,0.04273495600
92.25789473700,0.04517695840
92.31157894700,0.05494496799
92.36526315800,0.05006096319
92.41894736800,0.04761896079
92.47263157900,0.04273495600
92.52631578900,0.04029295360
92.58000000000,0.03540894879
92.63368421100,0.03296694639
92.68736842100,0.03296694639
92.74105263200,0.03540894879
92.79473684200,0.04029295360
92.84842105300,0.04029295360
92.90210526300,0.04517695840
92.95578947400,0.04761896079
93.00947368400,0.04273495600
93.06315789500,0.04761896079
93.11684210500,0.04517695840
93.17052631600,0.05006096319
93.22421052600,0.04517695840
93.27789473700,0.05738697039
93.33157894700,0.05006096319
93.38526315800,0.04761896079
93.43894736800,0.04517695840
93.49263157900,0.05494496799
93.54631578900,0.05982897279
93.60000000000,0.05494496799
93.65368421000,0.05982897279
93.70736842100,0.07203898478
93.76105263200,0.06715497999
93.81473684200,0.06227097519
93.86842105300,0.05494496799
93.92210526300,0.04761896079
93.97578947400,0.04517695840
94.02947368400,0.04273495600
94.08315789500,0.03785095119
94.13684210500,0.04273495600
94.19052631600,0.03785095119
94.24421052600,0.03296694639
94.29789473700,0.03785095119
94.35157894700,0.04029295360
94.40526315800,0.03785095119
94.45894736800,0.04273495600
94.51263157900,0.03785095119
94.56631579000,0.05006096319
94.62000000000,0.04517695840
94.67368421100,0.04273495600
94.72736842100,0.04517695840
94.78105263200,0.04761896079
94.83473684200,0.04273495600
94.88842105300,0.04029295360
94.94210526300,0.04273495600
94.99578947400,0.03785095119
95.04947368400,0.03785095119
95.10315789500,0.04029295360
95.15684210500,0.04273495600
95.21052631600,0.03296694639
95.26421052600,0.04029295360
95.31789473700,0.03296694639
95.37157894700,0.04029295360
95.42526315800,0.04029295360
95.47894736800,0.04029295360
95.53263157900,0.04761896079
95.58631579000,0.04273495600
95.64000000000,0.03785095119
95.69368421100,0.04029295360
95.74736842100,0.03540894879
95.80105263200,0.03296694639
95.85473684200,0.03785095119
95.90842105300,0.03296694639
95.96210526300,0.03052494399
96.01578947400,0.03540894879
96.06947368400,0.03052494399
96.12315789500,0.02564093919
96.17684210500,0.02564093919
96.23052631600,0.03296694639
96.28421052600,0.03052494399
96.33789473700,0.03540894879
96.39157894800,0.03296694639
96.44526315800,0.03540894879
96.49894736900,0.04029295360
96.55263157900,0.03540894879
96.60631579000,0.04029295360
96.66000000000,0.04273495600
96.71368421100,0.03785095119
96.76736842100,0.03785095119
96.82105263200,0.03540894879
96.87473684200,0.04517695840
96.92842105300,0.04761896079
96.98210526300,0.04761896079
97.03578947400,0.05006096319
97.08947368400,0.04761896079
97.14315789500,0.04273495600
97.19684210500,0.04029295360
97.25052631600,0.04761896079
97.30421052600,0.04517695840
97.35789473700,0.06715497999
97.41157894700,0.06959698239
97.46526315800,0.06471297759
97.51894736800,0.06227097519
97.57263157900,0.06227097519
97.62631579000,0.06959698239
97.68000000000,0.06227097519
97.73368421100,0.06227097519
97.78736842100,0.05982897279
97.84105263200,0.05250296559
97.89473684200,0.05738697039
97.94842105300,0.05250296559
98.00210526300,0.05494496799
98.05578947400,0.05006096319
98.10947368400,0.04761896079
98.16315789500,0.04761896079
98.21684210500,0.04517695840
98.27052631600,0.04517695840
98.32421052600,0.04761896079
98.37789473700,0.04517695840
98.43157894700,0.04029295360
98.48526315800,0.04029295360
98.53894736900,0.04761896079
98.59263157900,0.04273495600
98.64631578900,0.04517695840
98.70000000000,0.04029295360
98.75368421000,0.04761896079
98.80736842100,0.04517695840
98.86105263200,0.04761896079
98.91473684200,0.05006096319
98.96842105300,0.04517695840
99.02210526300,0.04517695840
99.07578947400,0.04273495600
99.12947368400,0.03785095119
99.18315789500,0.04517695840
99.23684210500,0.04517695840
99.29052631600,0.03785095119
99.34421052600,0.03785095119
99.39789473700,0.03540894879
99.45157894700,0.03540894879
99.50526315800,0.03052494399
99.55894736800,0.03540894879
99.61263157900,0.04273495600
99.66631579000,0.03540894879
99.72000000000,0.04273495600
99.77368421100,0.04273495600
99.82736842100,0.04273495600
99.88105263200,0.04029295360
99.93473684200,0.04273495600
99.98842105300,0.04273495600
100.04210526000,0.04273495600
100.09578947000,0.04273495600
100.14947368000,0.03785095119
100.20315789000,0.03785095119
100.25684211000,0.03785095119
100.31052632000,0.04761896079
100.36421053000,0.04517695840
100.41789474000,0.05006096319
100.47157895000,0.06227097519
100.52526316000,0.05738697039
100.57894737000,0.05250296559
100.63263158000,0.05006096319
100.68631579000,0.04761896079
100.74000000000,0.06227097519
100.79368421000,0.05494496799
100.84736842000,0.04761896079
100.90105263000,0.05006096319
100.95473684000,0.04029295360
101.00842105000,0.04029295360
101.06210526000,0.03785095119
101.11578947000,0.03296694639
101.16947368000,0.03296694639
101.22315789000,0.03052494399
101.27684211000,0.02564093919
101.33052632000,0.03785095119
101.38421053000,0.03785095119
101.43789474000,0.03296694639
101.49157895000,0.03785095119
101.54526316000,0.03540894879
101.59894737000,0.04029295360
101.65263158000,0.04029295360
101.70631579000,0.04273495600
101.76000000000,0.03785095119
101.81368421000,0.04029295360
101.86736842000,0.03296694639
101.92105263000,0.04029295360
101.97473684000,0.03540894879
102.02842105000,0.03052494399
102.08210526000,0.03052494399
102.13578947000,0.02808294159
102.18947368000,0.03052494399
102.24315789000,0.03052494399
102.29684211000,0.04273495600
102.35052632000,0.04761896079
102.40421053000,0.05250296559
102.45789474000,0.05250296559
102.51157895000,0.05738697039
102.56526316000,0.05006096319
102.61894737000,0.04517695840
102.67263158000,0.04273495600
102.72631579000,0.04029295360
102.78000000000,0.03785095119
102.83368421000,0.04273495600
102.88736842000,0.03296694639
102.94105263000,0.03540894879
102.99473684000,0.04517695840
103.04842105000,0.04029295360
103.10210526000,0.04273495600
103.15578947000,0.03540894879
103.20947368000,0.03785095119
103.26315789000,0.03785095119
103.31684211000,0.03296694639
103.37052632000,0.03540894879
103.42421053000,0.03540894879
103.47789474000,0.04029295360
103.53157895000,0.04029295360
103.58526316000,0.04517695840
103.63894737000,0.04273495600
103.69263158000,0.04029295360
103.74631579000,0.04517695840
103.80000000000,0.04517695840
103.85368421000,0.05006096319
103.90736842000,0.04517695840
103.96105263000,0.04273495600
104.01473684000,0.04273495600
104.06842105000,0.03785095119
104.12210526000,0.04273495600
104.17578947000,0.05006096319
104.22947368000,0.05982897279
104.28315789000,0.05494496799
104.33684211000,0.05738697039
104.39052632000,0.05982897279
104.44421053000,0.05982897279
104.49789474000,0.06959698239
104.55157895000,0.08669099920
104.60526316000,0.08424899680
104.65894737000,0.08424899680
104.71263158000,0.07936499199
104.76631579000,0.09157500399
104.82000000000,0.10378501599
104.87368421000,0.11599502798
104.92736842000,0.12332103519
104.98105263000,0.12576303760
105.03473684000,0.14529905679
105.08842105000,0.16727707839
105.14210526000,0.17948709039
105.19578947000,0.17460308559
105.24947368000,0.17460308559
105.30315789000,0.16239307360
105.35684211000,0.18437109519
105.41052632000,0.18681309759
105.46421053000,0.18925509998
105.51789474000,0.17216108320
105.57157895000,0.16239307360
105.62526316000,0.15750906880
105.67894737000,0.14774105919
105.73263158000,0.14285705439
105.78631579000,0.13308904479
105.84000000000,0.12332103519
105.89368421000,0.12087903279
105.94736842000,0.12576303760
106.00105263000,0.11843703040
106.05473684000,0.12087903279
106.10842105000,0.11355302559
106.16210526000,0.10378501599
106.21578947000,0.11111102319
106.26947368000,0.11599502798
106.32315789000,0.11355302559
106.37684211000,0.10866902079
106.43052632000,0.10134301359
106.48421053000,0.09645900879
106.53789474000,0.08669099920
106.59157895000,0.07692298959
106.64526316000,0.07448098718
106.69894737000,0.06959698239
106.75263158000,0.06471297759
106.80631579000,0.05982897279
106.86000000000,0.06227097519
106.91368421000,0.05982897279
106.96736842000,0.06471297759
107.02105263000,0.05982897279
107.07473684000,0.05494496799
107.12842105000,0.04761896079
107.18210526000,0.04761896079
107.23578947000,0.05250296559
107.28947368000,0.05250296559
107.34315789000,0.06227097519
107.39684211000,0.06959698239
107.45052632000,0.06959698239
107.50421053000,0.06227097519
107.55789474000,0.05494496799
107.61157895000,0.05250296559
107.66526316000,0.05006096319
107.71894737000,0.04517695840
107.77263158000,0.04761896079
107.82631579000,0.04517695840
107.88000000000,0.05006096319
107.93368421000,0.05006096319
107.98736842000,0.04273495600
108.04105263000,0.04029295360
108.09473684000,0.03540894879
108.14842105000,0.04029295360
108.20210526000,0.04517695840
108.25578947000,0.05006096319
108.30947368000,0.05250296559
108.36315789000,0.05250296559
108.41684211000,0.05006096319
108.47052632000,0.05006096319
108.52421053000,0.05250296559
108.57789474000,0.04761896079
108.63157895000,0.04761896079
108.68526316000,0.04761896079
108.73894737000,0.05006096319
108.79263158000,0.05006096319
108.84631579000,0.04517695840
108.90000000000,0.04517695840
108.95368421000,0.05494496799
109.00736842000,0.04761896079
109.06105263000,0.04517695840
109.11473684000,0.05250296559
109.16842105000,0.04761896079
109.22210526000,0.05494496799
109.27578947000,0.05982897279
109.32947368000,0.05494496799
109.38315789000,0.04761896079
109.43684211000,0.05006096319
109.49052632000,0.04761896079
109.54421053000,0.04761896079
109.59789474000,0.04029295360
109.65157895000,0.05006096319
109.70526316000,0.05250296559
109.75894737000,0.04761896079
109.81263158000,0.04517695840
109.86631579000,0.04029295360
109.92000000000,0.04273495600
109.97368421000,0.04273495600
110.02736842000,0.03785095119
110.08105263000,0.03540894879
110.13473684000,0.03785095119
110.18842105000,0.04273495600
110.24210526000,0.03785095119
110.29578947000,0.03540894879
110.34947368000,0.03540894879
110.40315789000,0.03052494399
110.45684211000,0.03296694639
110.51052632000,0.03296694639
110.56421053000,0.03296694639
110.61789474000,0.03052494399
110.67157895000,0.02319893679
110.72526316000,0.02564093919
110.77894737000,0.02564093919
110.83263158000,0.03296694639
110.88631579000,0.03052494399
110.94000000000,0.03296694639
110.99368421000,0.04029295360
111.04736842000,0.04029295360
111.10105263000,0.03540894879
111.15473684000,0.03296694639
111.20842105000,0.03052494399
111.26210526000,0.02808294159
111.31578947000,0.02564093919
111.36947368000,0.03296694639
111.42315789000,0.04273495600
111.47684211000,0.03785095119
111.53052632000,0.03540894879
111.58421053000,0.03052494399
111.63789474000,0.02808294159
111.69157895000,0.02564093919
111.74526316000,0.02319893679
111.79894737000,0.02075693439
111.85263158000,0.01831493199
111.90631579000,0.01587292959
111.96000000000,0.01343092720
112.01368421000,0.01343092720
112.06736842000,0.01098892480
112.12105263000,0.01831493199
112.17473684000,0.02075693439
112.22842105000,0.01831493199
112.28210526000,0.01343092720
112.33578947000,0.01831493199
112.38947368000,0.02319893679
112.44315789000,0.02319893679
112.49684211000,0.02564093919
112.55052632000,0.02319893679
112.60421053000,0.02808294159
112.65789474000,0.04029295360
112.71157895000,0.05006096319
112.76526316000,0.05006096319
112.81894737000,0.04761896079
112.87263158000,0.06227097519
112.92631579000,0.05738697039
112.98000000000,0.05982897279
113.03368421000,0.06471297759
113.08736842000,0.05982897279
113.14105263000,0.06471297759
113.19473684000,0.06715497999
113.24842105000,0.06227097519
113.30210526000,0.05738697039
113.35578947000,0.06715497999
113.40947368000,0.06959698239
113.46315789000,0.06227097519
113.51684211000,0.05982897279
113.57052632000,0.06471297759
113.62421053000,0.05738697039
113.67789474000,0.05738697039
113.73157895000,0.05006096319
113.78526316000,0.05250296559
113.83894737000,0.05006096319
113.89263158000,0.04517695840
113.94631579000,0.04761896079
114.00000000000,0.05250296559
114.05368421000,0.05006096319
114.10736842000,0.04761896079
114.16105263000,0.05738697039
114.21473684000,0.05250296559
114.26842105000,0.04761896079
114.32210526000,0.04273495600
114.37578947000,0.04761896079
114.42947368000,0.04029295360
114.48315789000,0.04517695840
114.53684211000,0.04029295360
114.59052632000,0.03540894879
114.64421053000,0.03785095119
114.69789474000,0.03296694639
114.75157895000,0.03296694639
114.80526316000,0.03540894879
114.85894737000,0.03052494399
114.91263158000,0.02808294159
114.96631579000,0.03052494399
115.02000000000,0.03296694639
115.07368421000,0.03052494399
115.12736842000,0.02808294159
115.18105263000,0.04029295360
115.23473684000,0.03540894879
115.28842105000,0.03296694639
115.34210526000,0.02808294159
115.39578947000,0.02564093919
115.44947368000,0.02564093919
115.50315789000,0.03540894879
115.55684211000,0.03052494399
115.61052632000,0.03785095119
115.66421053000,0.03785095119
115.71789474000,0.03540894879
115.77157895000,0.03052494399
115.82526316000,0.02808294159
115.87894737000,0.03052494399
115.93263158000,0.03785095119
115.98631579000,0.03540894879
116.04000000000,0.03052494399
116.09368421000,0.02564093919
116.14736842000,0.02564093919
116.20105263000,0.02319893679
116.25473684000,0.02075693439
116.30842105000,0.01831493199
116.36210526000,0.01587292959
116.41578947000,0.01831493199
116.46947368000,0.02319893679
116.52315789000,0.02075693439
116.57684211000,0.02319893679
116.63052632000,0.02075693439
116.68421053000,0.01831493199
116.73789474000,0.03296694639
116.79157895000,0.03052494399
116.84526316000,0.02564093919
116.89894737000,0.02564093919
116.95263158000,0.03785095119
117.00631579000,0.03785095119
117.06000000000,0.04761896079
117.11368421000,0.04517695840
117.16736842000,0.03785095119
117.22105263000,0.03540894879
117.27473684000,0.03052494399
117.32842105000,0.02808294159
117.38210526000,0.03540894879
117.43578947000,0.03052494399
117.48947368000,0.03052494399
117.54315789000,0.02564093919
117.59684211000,0.03296694639
117.65052632000,0.03296694639
117.70421053000,0.03540894879
117.75789474000,0.05494496799
117.81157895000,0.05982897279
117.86526316000,0.05982897279
117.91894737000,0.05494496799
117.97263158000,0.05738697039
118.02631579000,0.05250296559
118.08000000000,0.05250296559
118.13368421000,0.04761896079
118.18736842000,0.05006096319
118.24105263000,0.05494496799
118.29473684000,0.05494496799
118.34842105000,0.04761896079
118.40210526000,0.04029295360
118.45578947000,0.03785095119
118.50947368000,0.03785095119
118.56315789000,0.03540894879
118.61684211000,0.03296694639
118.67052632000,0.03296694639
118.72421053000,0.02808294159
118.77789474000,0.03540894879
118.83157895000,0.03296694639
118.88526316000,0.03052494399
118.93894737000,0.02808294159
118.99263158000,0.02808294159
119.04631579000,0.02564093919
119.10000000000,0.03052494399
119.15368421000,0.03052494399
119.20736842000,0.02564093919
119.26105263000,0.02564093919
119.31473684000,0.02319893679
119.36842105000,0.03052494399
119.42210526000,0.03785095119
119.47578947000,0.04273495600
119.52947368000,0.04273495600
119.58315789000,0.04273495600
119.63684211000,0.04029295360
119.69052632000,0.04517695840
119.74421053000,0.05006096319
119.79789474000,0.05250296559
119.85157895000,0.04761896079
119.90526316000,0.04761896079
119.95894737000,0.04029295360
