12.00000000000,0.03540894879
12.05368421100,0.03785095119
12.10736842100,0.03540894879
12.16105263200,0.03785095119
12.21473684200,0.03540894879
12.26842105300,0.03052494399
12.32210526300,0.03052494399
12.37578947400,0.02564093919
12.42947368400,0.02319893679
12.48315789500,0.02319893679
12.53684210500,0.04029295360
12.59052631600,0.04273495600
12.64421052600,0.03785095119
12.69789473700,0.03296694639
12.75157894700,0.04273495600
12.80526315800,0.04273495600
12.85894736800,0.03785095119
12.91263157900,0.04761896079
12.96631578900,0.04517695840
13.02000000000,0.05006096319
13.07368421100,0.05006096319
13.12736842100,0.04517695840
13.18105263200,0.03785095119
13.23473684200,0.03296694639
13.28842105300,0.04273495600
13.34210526300,0.03785095119
13.39578947400,0.04517695840
13.44947368400,0.04029295360
13.50315789500,0.04761896079
13.55684210500,0.05006096319
13.61052631600,0.06471297759
13.66421052600,0.06227097519
13.71789473700,0.06959698239
13.77157894700,0.05982897279
13.82526315800,0.05982897279
13.87894736800,0.06959698239
13.93263157900,0.07936499199
13.98631578900,0.07936499199
14.04000000000,0.07448098718
14.09368421100,0.07448098718
14.14736842100,0.06715497999
14.20105263200,0.05982897279
14.25473684200,0.06471297759
14.30842105300,0.05738697039
14.36210526300,0.06227097519
14.41578947400,0.06471297759
14.46947368400,0.06471297759
14.52315789500,0.05982897279
14.57684210500,0.05982897279
14.63052631600,0.05250296559
14.68421052600,0.05738697039
14.73789473700,0.05250296559
14.79157894700,0.05494496799
14.84526315800,0.04761896079
14.89894736800,0.04517695840
14.95263157900,0.04273495600
15.00631578900,0.04273495600
15.06000000000,0.04761896079
15.11368421100,0.04761896079
15.16736842100,0.04273495600
15.22105263200,0.03540894879
15.27473684200,0.04029295360
15.32842105300,0.05006096319
15.38210526300,0.04517695840
15.43578947400,0.04273495600
15.48947368400,0.04029295360
15.54315789500,0.04029295360
15.59684210500,0.03540894879
15.65052631600,0.03785095119
15.70421052600,0.03052494399
15.75789473700,0.03540894879
15.81157894700,0.03540894879
15.86526315800,0.04273495600
15.91894736800,0.03785095119
15.97263157900,0.04273495600
16.02631578900,0.04273495600
16.08000000000,0.04517695840
16.13368421100,0.04029295360
16.18736842100,0.04273495600
16.24105263200,0.04273495600
16.29473684200,0.03785095119
16.34842105300,0.03785095119
16.40210526300,0.03540894879
16.45578947400,0.03296694639
16.50947368400,0.03785095119
16.56315789500,0.03785095119
16.61684210500,0.03296694639
16.67052631600,0.03540894879
16.72421052600,0.03052494399
16.77789473700,0.02808294159
16.83157894700,0.04029295360
16.88526315800,0.03785095119
16.93894736800,0.03785095119
16.99263157900,0.05738697039
17.04631578900,0.05250296559
17.10000000000,0.04517695840
17.15368421100,0.06227097519
17.20736842100,0.06471297759
17.26105263200,0.06227097519
17.31473684200,0.06471297759
17.36842105300,0.05738697039
17.42210526300,0.05250296559
17.47578947400,0.05738697039
17.52947368400,0.05494496799
17.58315789500,0.05006096319
17.63684210500,0.04761896079
17.69052631600,0.04029295360
17.74421052600,0.04517695840
17.79789473700,0.04273495600
17.85157894700,0.03785095119
17.90526315800,0.03540894879
17.95894736800,0.03540894879
18.01263157900,0.04029295360
18.06631578900,0.04029295360
18.12000000000,0.04029295360
18.17368421100,0.03785095119
18.22736842100,0.03785095119
18.28105263200,0.03296694639
18.33473684200,0.03540894879
18.38842105300,0.03052494399
18.44210526300,0.02564093919
18.49578947400,0.02564093919
18.54947368400,0.03540894879
18.60315789500,0.04029295360
18.65684210500,0.03540894879
18.71052631600,0.03296694639
18.76421052600,0.03052494399
18.81789473700,0.03296694639
18.87157894700,0.03296694639
18.92526315800,0.03052494399
18.97894736800,0.02564093919
19.03263157900,0.02564093919
19.08631578900,0.04029295360
19.14000000000,0.03785095119
19.19368421100,0.04029295360
19.24736842100,0.03540894879
19.30105263200,0.04029295360
19.35473684200,0.03540894879
19.40842105300,0.04029295360
19.46210526300,0.04273495600
19.51578947400,0.05494496799
19.56947368400,0.05250296559
19.62315789500,0.05250296559
19.67684210500,0.05006096319
19.73052631600,0.05494496799
19.78421052600,0.05006096319
19.83789473700,0.05006096319
19.89157894700,0.05250296559
19.94526315800,0.05250296559
19.99894736800,0.05006096319
20.05263157900,0.05738697039
20.10631578900,0.06227097519
20.16000000000,0.05738697039
20.21368421100,0.05250296559
20.26736842100,0.05250296559
20.32105263200,0.06471297759
20.37473684200,0.05982897279
20.42842105300,0.05738697039
20.48210526300,0.05738697039
20.53578947400,0.06227097519
20.58947368400,0.05494496799
20.64315789500,0.05738697039
20.69684210500,0.05738697039
20.75052631600,0.06227097519
20.80421052600,0.06227097519
20.85789473700,0.05982897279
20.91157894700,0.05250296559
20.96526315800,0.05250296559
21.01894736800,0.05006096319
21.07263157900,0.05250296559
21.12631578900,0.04517695840
21.18000000000,0.04517695840
21.23368421100,0.04517695840
21.28736842100,0.05250296559
21.34105263200,0.04517695840
21.39473684200,0.05250296559
21.44842105300,0.04761896079
21.50210526300,0.04761896079
21.55578947400,0.04273495600
21.60947368400,0.05006096319
21.66315789500,0.05738697039
21.71684210500,0.06471297759
21.77052631600,0.05982897279
21.82421052600,0.05250296559
21.87789473700,0.05006096319
21.93157894700,0.04517695840
21.98526315800,0.04517695840
22.03894736800,0.04761896079
22.09263157900,0.05494496799
22.14631579000,0.05494496799
22.20000000000,0.05738697039
22.25368421100,0.05250296559
22.30736842100,0.05738697039
22.36105263200,0.05006096319
22.41473684200,0.05250296559
22.46842105300,0.05250296559
22.52210526300,0.05250296559
22.57578947400,0.06227097519
22.62947368400,0.07936499199
22.68315789500,0.06959698239
22.73684210500,0.06715497999
22.79052631600,0.05982897279
22.84421052600,0.05494496799
22.89789473700,0.05006096319
22.95157894700,0.05006096319
23.00526315800,0.04273495600
23.05894736800,0.06227097519
23.11263157900,0.05738697039
23.16631578900,0.05494496799
23.22000000000,0.05738697039
23.27368421100,0.05494496799
23.32736842100,0.06471297759
23.38105263200,0.07203898478
23.43473684200,0.07203898478
23.48842105300,0.06471297759
23.54210526300,0.06959698239
23.59578947400,0.06715497999
23.64947368400,0.08669099920
23.70315789500,0.09401700639
23.75684210500,0.10378501599
23.81052631600,0.10134301359
23.86421052600,0.11599502798
23.91789473700,0.12087903279
23.97157894700,0.11599502798
24.02526315800,0.10866902079
24.07894736800,0.12087903279
24.13263157900,0.13553104719
24.18631578900,0.12820504000
24.24000000000,0.12576303760
24.29368421100,0.13064704240
24.34736842100,0.13308904479
24.40105263200,0.13064704240
24.45473684200,0.13308904479
24.50842105300,0.12820504000
24.56210526300,0.12332103519
24.61578947400,0.11355302559
24.66947368400,0.10622701839
24.72315789500,0.10622701839
24.77684210500,0.10134301359
24.83052631600,0.09157500399
24.88421052600,0.08424899680
24.93789473700,0.08424899680
24.99157894700,0.08424899680
25.04526315800,0.07448098718
25.09894736800,0.07692298959
25.15263157900,0.06959698239
25.20631578900,0.06959698239
25.26000000000,0.06715497999
25.31368421100,0.06227097519
25.36736842100,0.05738697039
25.42105263200,0.05494496799
25.47473684200,0.06715497999
25.52842105300,0.05982897279
25.58210526300,0.06715497999
25.63578947400,0.08180699440
25.68947368400,0.07936499199
25.74315789500,0.09157500399
25.79684210500,0.08180699440
25.85052631600,0.08913300159
25.90421052600,0.08180699440
25.95789473700,0.07936499199
26.01157894700,0.09645900879
26.06526315800,0.10378501599
26.11894736800,0.09645900879
26.17263157900,0.12820504000
26.22631578900,0.15018306159
26.28000000000,0.15018306159
26.33368421100,0.17216108320
26.38736842100,0.20390711440
26.44105263200,0.23809514799
26.49473684200,0.25274716239
26.54842105300,0.24297915280
26.60210526300,0.26251517199
26.65578947400,0.28937719839
26.70947368400,0.30402921278
26.76315789500,0.30402921278
26.81684210500,0.31379722240
26.87052631600,0.31868122720
26.92421052600,0.32356523199
26.97789473700,0.34798525598
27.03157894700,0.34065924879
27.08526315800,0.32844923679
27.13894736800,0.34798525598
27.19263157900,0.35042725839
27.24631578900,0.35286926079
27.30000000000,0.33333324159
27.35368421100,0.35042725839
27.40736842100,0.34798525598
27.46105263200,0.37728928479
27.51473684200,0.37728928479
27.56842105300,0.38705729439
27.62210526300,0.39682530399
27.67578947400,0.38705729439
27.72947368400,0.37728928479
27.78315789500,0.36996327759
27.83684210500,0.33821724639
27.89052631600,0.32844923679
27.94421052600,0.32600723439
27.99789473700,0.29914520799
28.05157894700,0.27472518400
28.10526315800,0.25518916479
28.15894736800,0.23076914078
28.21263157900,0.20879111919
28.26631578900,0.19413910479
28.32000000000,0.17704508799
28.37368421100,0.16483507599
28.42736842100,0.15018306159
28.48105263200,0.13797304959
28.53473684200,0.12820504000
28.58842105300,0.11599502798
28.64210526300,0.10622701839
28.69578947400,0.09645900879
28.74947368400,0.09157500399
28.80315789500,0.08180699440
28.85684210500,0.07448098718
28.91052631600,0.07203898478
28.96421052600,0.06715497999
29.01789473700,0.07203898478
29.07157894700,0.06471297759
29.12526315800,0.05738697039
29.17894736800,0.04761896079
29.23263157900,0.04761896079
29.28631578900,0.05250296559
29.34000000000,0.05738697039
29.39368421100,0.05494496799
29.44736842100,0.05006096319
29.50105263200,0.05006096319
29.55473684200,0.05006096319
29.60842105300,0.04517695840
29.66210526300,0.04029295360
29.71578947400,0.03785095119
29.76947368400,0.04517695840
29.82315789500,0.04517695840
29.87684210500,0.04029295360
29.93052631600,0.05006096319
29.98421052600,0.05006096319
30.03789473700,0.05982897279
30.09157894700,0.05982897279
30.14526315800,0.06471297759
30.19894736800,0.05494496799
30.25263157900,0.05250296559
30.30631578900,0.04517695840
30.36000000000,0.04273495600
30.41368421100,0.03785095119
30.46736842100,0.03540894879
30.52105263200,0.03052494399
30.57473684200,0.03540894879
30.62842105300,0.03540894879
30.68210526300,0.03540894879
30.73578947400,0.03296694639
30.78947368400,0.03052494399
30.84315789500,0.03785095119
30.89684210500,0.03540894879
30.95052631600,0.03052494399
31.00421052600,0.02808294159
31.05789473700,0.02564093919
31.11157894700,0.02319893679
31.16526315800,0.02564093919
31.21894736800,0.02319893679
31.27263157900,0.02075693439
31.32631578900,0.02319893679
31.38000000000,0.02319893679
31.43368421100,0.02319893679
31.48736842100,0.02319893679
31.54105263200,0.02564093919
31.59473684200,0.02564093919
31.64842105300,0.02319893679
31.70210526300,0.02564093919
31.75578947400,0.02319893679
31.80947368400,0.02564093919
31.86315789500,0.02319893679
31.91684210500,0.02075693439
31.97052631600,0.01831493199
32.02421052600,0.02319893679
32.07789473700,0.03296694639
32.13157894700,0.03785095119
32.18526315800,0.03052494399
32.23894736800,0.03052494399
32.29263157900,0.02808294159
32.34631579000,0.02564093919
32.40000000000,0.02075693439
32.45368421100,0.02075693439
32.50736842100,0.02075693439
32.56105263200,0.01831493199
32.61473684200,0.01831493199
32.66842105300,0.01343092720
32.72210526300,0.01343092720
32.77578947400,0.01587292959
32.82947368400,0.01098892480
32.88315789500,0.01098892480
32.93684210500,0.01098892480
32.99052631600,0.00854692239
33.04421052600,0.00610491999
33.09789473700,0.01098892480
33.15157894700,0.00854692239
33.20526315800,0.01343092720
33.25894736800,0.01831493199
33.31263157900,0.01587292959
33.36631578900,0.01343092720
33.42000000000,0.02319893679
33.47368421100,0.02319893679
33.52736842100,0.02075693439
33.58105263200,0.02808294159
33.63473684200,0.02319893679
33.68842105300,0.02075693439
33.74210526300,0.01831493199
33.79578947400,0.01831493199
33.84947368400,0.02564093919
33.90315789500,0.02564093919
33.95684210500,0.02319893679
34.01052631600,0.02075693439
34.06421052600,0.03052494399
34.11789473700,0.02808294159
34.17157894700,0.02319893679
34.22526315800,0.02564093919
34.27894736800,0.02319893679
34.33263157900,0.02319893679
34.38631578900,0.01831493199
34.44000000000,0.01831493199
34.49368421100,0.02075693439
34.54736842100,0.02808294159
34.60105263200,0.02564093919
34.65473684200,0.02564093919
34.70842105300,0.02075693439
34.76210526300,0.02075693439
34.81578947400,0.02319893679
34.86947368400,0.02808294159
34.92315789500,0.03296694639
34.97684210500,0.03785095119
35.03052631600,0.03296694639
35.08421052600,0.03052494399
35.13789473700,0.02564093919
35.19157894700,0.03296694639
35.24526315800,0.03052494399
35.29894736800,0.03052494399
35.35263157900,0.03540894879
35.40631579000,0.03540894879
35.46000000000,0.03296694639
35.51368421100,0.02808294159
35.56736842100,0.02808294159
35.62105263200,0.02319893679
35.67473684200,0.03785095119
35.72842105300,0.03540894879
35.78210526300,0.03052494399
35.83578947400,0.02808294159
35.88947368400,0.02808294159
35.94315789500,0.02564093919
35.99684210500,0.02075693439
36.05052631600,0.03296694639
36.10421052600,0.03052494399
36.15789473700,0.03052494399
36.21157894700,0.02808294159
36.26526315800,0.02808294159
36.31894736800,0.02564093919
36.37263157900,0.02319893679
36.42631578900,0.02075693439
36.48000000000,0.01831493199
36.53368421100,0.02075693439
36.58736842100,0.01831493199
36.64105263200,0.01831493199
36.69473684200,0.01587292959
36.74842105300,0.02075693439
36.80210526300,0.02075693439
36.85578947400,0.01587292959
36.90947368400,0.01831493199
36.96315789500,0.02075693439
37.01684210500,0.02319893679
37.07052631600,0.02808294159
37.12421052600,0.02564093919
37.17789473700,0.03052494399
37.23157894700,0.03296694639
37.28526315800,0.03052494399
37.33894736800,0.02808294159
37.39263157900,0.02564093919
37.44631578900,0.02564093919
37.50000000000,0.02075693439
37.55368421100,0.02319893679
37.60736842100,0.01587292959
37.66105263200,0.02808294159
37.71473684200,0.02564093919
37.76842105300,0.02075693439
37.82210526300,0.01587292959
37.87578947400,0.02075693439
37.92947368400,0.02808294159
37.98315789500,0.02319893679
38.03684210500,0.03052494399
38.09052631600,0.03052494399
38.14421052600,0.02808294159
38.19789473700,0.02564093919
38.25157894700,0.02319893679
38.30526315800,0.02075693439
38.35894736800,0.02564093919
38.41263157900,0.02808294159
38.46631578900,0.02808294159
38.52000000000,0.02808294159
38.57368421100,0.02319893679
38.62736842100,0.02075693439
38.68105263200,0.03785095119
38.73473684200,0.03540894879
38.78842105300,0.04517695840
38.84210526300,0.04273495600
38.89578947400,0.03540894879
38.94947368400,0.03540894879
39.00315789500,0.03052494399
39.05684210500,0.02808294159
39.11052631600,0.02564093919
39.16421052600,0.02319893679
39.21789473700,0.02319893679
39.27157894700,0.02075693439
39.32526315800,0.02075693439
39.37894736800,0.02319893679
39.43263157900,0.02319893679
39.48631579000,0.02319893679
39.54000000000,0.01831493199
39.59368421100,0.01587292959
39.64736842100,0.02319893679
39.70105263200,0.03052494399
39.75473684200,0.03052494399
39.80842105300,0.02808294159
39.86210526300,0.02564093919
39.91578947400,0.02319893679
39.96947368400,0.02319893679
40.02315789500,0.02808294159
40.07684210500,0.02564093919
40.13052631600,0.03540894879
40.18421052600,0.03785095119
40.23789473700,0.03296694639
40.29157894700,0.02808294159
40.34526315800,0.03052494399
40.39894736800,0.02808294159
40.45263157900,0.02808294159
40.50631578900,0.02319893679
40.56000000000,0.01831493199
40.61368421100,0.02564093919
40.66736842100,0.02075693439
40.72105263200,0.02075693439
40.77473684200,0.04029295360
40.82842105300,0.03540894879
40.88210526300,0.03052494399
40.93578947400,0.03052494399
40.98947368400,0.02564093919
41.04315789500,0.02075693439
41.09684210500,0.02564093919
41.15052631600,0.02075693439
41.20421052600,0.02075693439
41.25789473700,0.02564093919
41.31157894700,0.02808294159
41.36526315800,0.02319893679
41.41894736800,0.01831493199
41.47263157900,0.02075693439
41.52631579000,0.02319893679
41.58000000000,0.02075693439
41.63368421100,0.02075693439
41.68736842100,0.01831493199
41.74105263200,0.01831493199
41.79473684200,0.01587292959
41.84842105300,0.02075693439
41.90210526300,0.02075693439
41.95578947400,0.01587292959
42.00947368400,0.01587292959
42.06315789500,0.01587292959
42.11684210500,0.01343092720
42.17052631600,0.01098892480
42.22421052600,0.01098892480
42.27789473700,0.00854692239
42.33157894700,0.01098892480
42.38526315800,0.00854692239
42.43894736800,0.00610491999
42.49263157900,0.01098892480
42.54631579000,0.00610491999
42.60000000000,0.01587292959
42.65368421100,0.01343092720
42.70736842100,0.01098892480
42.76105263200,0.01098892480
42.81473684200,0.01098892480
42.86842105300,0.01098892480
42.92210526300,0.00854692239
42.97578947400,0.00854692239
43.02947368400,0.00854692239
43.08315789500,0.00366291760
43.13684210500,0.00610491999
43.19052631600,0.00854692239
43.24421052600,0.00610491999
43.29789473700,0.00366291760
43.35157894700,0.00610491999
43.40526315800,0.00366291760
43.45894736800,0.00366291760
43.51263157900,0.01343092720
43.56631579000,0.01831493199
43.62000000000,0.01587292959
43.67368421100,0.02319893679
43.72736842100,0.02075693439
43.78105263200,0.02075693439
43.83473684200,0.01587292959
43.88842105300,0.01831493199
43.94210526300,0.02564093919
43.99578947400,0.02319893679
44.04947368400,0.02319893679
44.10315789500,0.02319893679
44.15684210500,0.02075693439
44.21052631600,0.02319893679
44.26421052600,0.02075693439
44.31789473700,0.02319893679
44.37157894700,0.01831493199
44.42526315800,0.01831493199
44.47894736800,0.02319893679
44.53263157900,0.02075693439
44.58631578900,0.01831493199
44.64000000000,0.01587292959
44.69368421100,0.01587292959
44.74736842100,0.01343092720
44.80105263200,0.01098892480
44.85473684200,0.01831493199
44.90842105300,0.01587292959
44.96210526300,0.01587292959
45.01578947400,0.01343092720
45.06947368400,0.01343092720
45.12315789500,0.01098892480
45.17684210500,0.01343092720
45.23052631600,0.01098892480
45.28421052600,0.01098892480
45.33789473700,0.00854692239
45.39157894700,0.00854692239
45.44526315800,0.00610491999
45.49894736800,0.01098892480
45.55263157900,0.00854692239
45.60631578900,0.02564093919
45.66000000000,0.03052494399
45.71368421100,0.02808294159
45.76736842100,0.02564093919
45.82105263200,0.02319893679
45.87473684200,0.02075693439
45.92842105300,0.01587292959
45.98210526300,0.01587292959
46.03578947400,0.02808294159
46.08947368400,0.02319893679
46.14315789500,0.02075693439
46.19684210500,0.01831493199
46.25052631600,0.02808294159
46.30421052600,0.02319893679
46.35789473700,0.02564093919
46.41157894700,0.02319893679
46.46526315800,0.02808294159
46.51894736800,0.02564093919
46.57263157900,0.03052494399
46.62631578900,0.02564093919
46.68000000000,0.02319893679
46.73368421000,0.02564093919
46.78736842100,0.02808294159
46.84105263200,0.02319893679
46.89473684200,0.02075693439
46.94842105300,0.02075693439
47.00210526300,0.02319893679
47.05578947400,0.01831493199
47.10947368400,0.01831493199
47.16315789500,0.02319893679
47.21684210500,0.02075693439
47.27052631600,0.01831493199
47.32421052600,0.01831493199
47.37789473700,0.02075693439
47.43157894700,0.01587292959
47.48526315800,0.02075693439
47.53894736800,0.01831493199
47.59263157900,0.01587292959
47.64631578900,0.02808294159
47.70000000000,0.02808294159
47.75368421100,0.02564093919
47.80736842100,0.02319893679
47.86105263200,0.02808294159
47.91473684200,0.02564093919
47.96842105300,0.02319893679
48.02210526300,0.02075693439
48.07578947400,0.01587292959
48.12947368400,0.03296694639
48.18315789500,0.03296694639
48.23684210500,0.03540894879
48.29052631600,0.03296694639
48.34421052600,0.02808294159
48.39789473700,0.02564093919
48.45157894700,0.02319893679
48.50526315800,0.02075693439
48.55894736800,0.02075693439
48.61263157900,0.01831493199
48.66631578900,0.01831493199
48.72000000000,0.02564093919
48.77368421100,0.02319893679
48.82736842100,0.01831493199
48.88105263200,0.01831493199
48.93473684200,0.02564093919
48.98842105300,0.02564093919
49.04210526300,0.02319893679
49.09578947400,0.02808294159
49.14947368400,0.02808294159
49.20315789500,0.02319893679
49.25684210500,0.03296694639
49.31052631600,0.02808294159
49.36421052600,0.02808294159
49.41789473700,0.02319893679
49.47157894700,0.02808294159
49.52526315800,0.02564093919
49.57894736800,0.02319893679
49.63263157900,0.02075693439
49.68631578900,0.02319893679
49.74000000000,0.02075693439
49.79368421100,0.01831493199
49.84736842100,0.02319893679
49.90105263200,0.02075693439
49.95473684200,0.02075693439
50.00842105300,0.01831493199
50.06210526300,0.01831493199
50.11578947400,0.01831493199
50.16947368400,0.01831493199
50.22315789500,0.01587292959
50.27684210500,0.01098892480
50.33052631600,0.01343092720
50.38421052600,0.01098892480
50.43789473700,0.01831493199
50.49157894700,0.02075693439
50.54526315800,0.01587292959
50.59894736800,0.02564093919
50.65263157900,0.02808294159
50.70631579000,0.02564093919
50.76000000000,0.02319893679
50.81368421100,0.02564093919
50.86736842100,0.03296694639
50.92105263200,0.02808294159
50.97473684200,0.03052494399
51.02842105300,0.02564093919
51.08210526300,0.02319893679
51.13578947400,0.02075693439
51.18947368400,0.01831493199
51.24315789500,0.01831493199
51.29684210500,0.01831493199
51.35052631600,0.01831493199
51.40421052600,0.01587292959
51.45789473700,0.01587292959
51.51157894700,0.01343092720
51.56526315800,0.01098892480
51.61894736800,0.00854692239
51.67263157900,0.01343092720
51.72631578900,0.01343092720
51.78000000000,0.01098892480
51.83368421100,0.01343092720
51.88736842100,0.00854692239
51.94105263200,0.00854692239
51.99473684200,0.01098892480
52.04842105300,0.00854692239
52.10210526300,0.00610491999
52.15578947400,0.00610491999
52.20947368400,0.00610491999
52.26315789500,0.00610491999
52.31684210500,0.00854692239
52.37052631600,0.00610491999
52.42421052600,0.00854692239
52.47789473700,0.00854692239
52.53157894700,0.00854692239
52.58526315800,0.00854692239
52.63894736800,0.00610491999
52.69263157900,0.01343092720
52.74631578900,0.01098892480
52.80000000000,0.01587292959
52.85368421000,0.01587292959
52.90736842100,0.01343092720
52.96105263200,0.01831493199
53.01473684200,0.02564093919
53.06842105300,0.02075693439
53.12210526300,0.02075693439
53.17578947400,0.01831493199
53.22947368400,0.01587292959
53.28315789500,0.01343092720
53.33684210500,0.01343092720
53.39052631600,0.01098892480
53.44421052600,0.01343092720
53.49789473700,0.01343092720
53.55157894700,0.01343092720
53.60526315800,0.01831493199
53.65894736800,0.02075693439
53.71263157900,0.01587292959
53.76631578900,0.01587292959
53.82000000000,0.02075693439
53.87368421100,0.01831493199
53.92736842100,0.01831493199
53.98105263200,0.01587292959
54.03473684200,0.02319893679
54.08842105300,0.03540894879
54.14210526300,0.03052494399
54.19578947400,0.03052494399
54.24947368400,0.03052494399
54.30315789500,0.02564093919
54.35684210500,0.03296694639
54.41052631600,0.04273495600
54.46421052600,0.04029295360
54.51789473700,0.03296694639
54.57157894700,0.03540894879
54.62526315800,0.03785095119
54.67894736800,0.03785095119
54.73263157900,0.03296694639
54.78631578900,0.03052494399
54.84000000000,0.03052494399
54.89368421100,0.02564093919
54.94736842100,0.02564093919
55.00105263200,0.03540894879
55.05473684200,0.03052494399
55.10842105300,0.03296694639
55.16210526300,0.03052494399
55.21578947400,0.02564093919
55.26947368400,0.02319893679
55.32315789500,0.02564093919
55.37684210500,0.02075693439
55.43052631600,0.02075693439
55.48421052600,0.02319893679
55.53789473700,0.01831493199
55.59157894700,0.02319893679
55.64526315800,0.01587292959
55.69894736800,0.02808294159
55.75263157900,0.02808294159
55.80631578900,0.02808294159
55.86000000000,0.02319893679
55.91368421100,0.02075693439
55.96736842100,0.01831493199
56.02105263200,0.01831493199
56.07473684200,0.01587292959
56.12842105300,0.01587292959
56.18210526300,0.01343092720
56.23578947400,0.01587292959
56.28947368400,0.01587292959
56.34315789500,0.01587292959
56.39684210500,0.01343092720
56.45052631600,0.00854692239
56.50421052600,0.00854692239
56.55789473700,0.01587292959
56.61157894700,0.01343092720
56.66526315800,0.01343092720
56.71894736800,0.01098892480
56.77263157900,0.01098892480
56.82631579000,0.01343092720
56.88000000000,0.01343092720
56.93368421100,0.01343092720
56.98736842100,0.01098892480
57.04105263200,0.01098892480
57.09473684200,0.01343092720
57.14842105300,0.00854692239
57.20210526300,0.00610491999
57.25578947400,0.01587292959
57.30947368400,0.01343092720
57.36315789500,0.01343092720
57.41684210500,0.01098892480
57.47052631600,0.01098892480
57.52421052600,0.01587292959
57.57789473700,0.01587292959
57.63157894700,0.01831493199
57.68526315800,0.01587292959
57.73894736800,0.03052494399
57.79263157900,0.02564093919
57.84631579000,0.02075693439
57.90000000000,0.03052494399
57.95368421100,0.02808294159
58.00736842100,0.02808294159
58.06105263200,0.02564093919
58.11473684200,0.02319893679
58.16842105300,0.02075693439
58.22210526300,0.01831493199
58.27578947400,0.01587292959
58.32947368400,0.01587292959
58.38315789500,0.01343092720
58.43684210500,0.01587292959
58.49052631600,0.01831493199
58.54421052600,0.01587292959
58.59789473700,0.01831493199
58.65157894700,0.03296694639
58.70526315800,0.03052494399
58.75894736800,0.02564093919
58.81263157900,0.03540894879
58.86631578900,0.03540894879
58.92000000000,0.03052494399
58.97368421100,0.03052494399
59.02736842100,0.03052494399
59.08105263200,0.02808294159
59.13473684200,0.03540894879
59.18842105300,0.03540894879
59.24210526300,0.03296694639
59.29578947400,0.03296694639
59.34947368400,0.03052494399
59.40315789500,0.02808294159
59.45684210500,0.02564093919
59.51052631600,0.02075693439
59.56421052600,0.02075693439
59.61789473700,0.01831493199
59.67157894700,0.01587292959
59.72526315800,0.03052494399
59.77894736800,0.02564093919
59.83263157900,0.02564093919
59.88631578900,0.02319893679
59.94000000000,0.02319893679
59.99368421000,0.02075693439
60.04736842100,0.01831493199
60.10105263200,0.02564093919
60.15473684200,0.02319893679
60.20842105300,0.02319893679
60.26210526300,0.02564093919
60.31578947400,0.02319893679
60.36947368400,0.02075693439
60.42315789500,0.01831493199
60.47684210500,0.02075693439
60.53052631600,0.01831493199
60.58421052600,0.02075693439
60.63789473700,0.01587292959
60.69157894700,0.01587292959
60.74526315800,0.02075693439
60.79894736800,0.03540894879
60.85263157900,0.03296694639
60.90631578900,0.04517695840
60.96000000000,0.05494496799
61.01368421100,0.05982897279
61.06736842100,0.05982897279
61.12105263200,0.06227097519
61.17473684200,0.07448098718
61.22842105300,0.08669099920
61.28210526300,0.08424899680
61.33578947400,0.08669099920
61.38947368400,0.09401700639
61.44315789500,0.11111102319
61.49684210500,0.12820504000
61.55052631600,0.12820504000
61.60421052600,0.12087903279
61.65789473700,0.14041505199
61.71157894700,0.12820504000
61.76526315800,0.13064704240
61.81894736800,0.12576303760
61.87263157900,0.11843703040
61.92631578900,0.11111102319
61.98000000000,0.10866902079
62.03368421000,0.10134301359
62.08736842100,0.08913300159
62.14105263200,0.08180699440
62.19473684200,0.08669099920
62.24842105300,0.08180699440
62.30210526300,0.07448098718
62.35578947400,0.06959698239
62.40947368400,0.06227097519
62.46315789500,0.06227097519
62.51684210500,0.05738697039
62.57052631600,0.05494496799
62.62421052600,0.04761896079
62.67789473700,0.04517695840
62.73157894700,0.05006096319
62.78526315800,0.04761896079
62.83894736800,0.04273495600
62.89263157900,0.04761896079
62.94631578900,0.04029295360
63.00000000000,0.03540894879
63.05368421100,0.04273495600
63.10736842100,0.03785095119
63.16105263200,0.03296694639
63.21473684200,0.03785095119
63.26842105300,0.03540894879
63.32210526300,0.04029295360
63.37578947400,0.03540894879
63.42947368400,0.03052494399
63.48315789500,0.03296694639
63.53684210500,0.03052494399
63.59052631600,0.02808294159
63.64421052600,0.02319893679
63.69789473700,0.02319893679
63.75157894700,0.02075693439
63.80526315800,0.02319893679
63.85894736800,0.02808294159
63.91263157900,0.02564093919
63.96631579000,0.02319893679
64.02000000000,0.02075693439
64.07368421100,0.01831493199
64.12736842100,0.02075693439
64.18105263200,0.02319893679
64.23473684200,0.02319893679
64.28842105300,0.02319893679
64.34210526300,0.02319893679
64.39578947400,0.02319893679
64.44947368400,0.01831493199
64.50315789500,0.02075693439
64.55684210500,0.01831493199
64.61052631600,0.02564093919
64.66421052600,0.02319893679
64.71789473700,0.02075693439
64.77157894700,0.01831493199
64.82526315800,0.01831493199
64.87894736800,0.01831493199
64.93263157900,0.01831493199
64.98631579000,0.01587292959
65.04000000000,0.01098892480
65.09368421100,0.01343092720
65.14736842100,0.01098892480
65.20105263200,0.01098892480
65.25473684200,0.00854692239
65.30842105300,0.00610491999
65.36210526300,0.00854692239
65.41578947400,0.00610491999
65.46947368400,0.00610491999
65.52315789500,0.01098892480
65.57684210500,0.01098892480
65.63052631600,0.00854692239
65.68421052600,0.01098892480
65.73789473700,0.02075693439
65.79157894700,0.01831493199
65.84526315800,0.01587292959
65.89894736900,0.01587292959
65.95263157900,0.01343092720
66.00631578900,0.01098892480
66.06000000000,0.01343092720
66.11368421100,0.01343092720
66.16736842100,0.02319893679
66.22105263200,0.02319893679
66.27473684200,0.02319893679
66.32842105300,0.02075693439
66.38210526300,0.02075693439
66.43578947400,0.02075693439
66.48947368400,0.01831493199
66.54315789500,0.02319893679
66.59684210500,0.02075693439
66.65052631600,0.02075693439
66.70421052600,0.01831493199
66.75789473700,0.01831493199
66.81157894700,0.01831493199
66.86526315800,0.01587292959
66.91894736800,0.01587292959
66.97263157900,0.01587292959
67.02631579000,0.02808294159
67.08000000000,0.02564093919
67.13368421100,0.02075693439
67.18736842100,0.02075693439
67.24105263200,0.01343092720
67.29473684200,0.01587292959
67.34842105300,0.01343092720
67.40210526300,0.02075693439
67.45578947400,0.01831493199
67.50947368400,0.01831493199
67.56315789500,0.01343092720
67.61684210500,0.01343092720
67.67052631600,0.01343092720
67.72421052600,0.01587292959
67.77789473700,0.01343092720
67.83157894700,0.00854692239
67.88526315800,0.01098892480
67.93894736800,0.01343092720
67.99263157900,0.01343092720
68.04631578900,0.01098892480
68.10000000000,0.01098892480
68.15368421100,0.00854692239
68.20736842100,0.01098892480
68.26105263200,0.01098892480
68.31473684200,0.00854692239
68.36842105300,0.00854692239
68.42210526300,0.00854692239
68.47578947400,0.00610491999
68.52947368400,0.00610491999
68.58315789500,0.00366291760
68.63684210500,0.00854692239
68.69052631600,0.00610491999
68.74421052600,0.00854692239
68.79789473700,0.01343092720
68.85157894700,0.02075693439
68.90526315800,0.02075693439
68.95894736800,0.02564093919
69.01263157900,0.02075693439
69.06631579000,0.02808294159
69.12000000000,0.03296694639
69.17368421100,0.02808294159
69.22736842100,0.02564093919
69.28105263200,0.02564093919
69.33473684200,0.02319893679
69.38842105300,0.02319893679
69.44210526300,0.02075693439
69.49578947400,0.02075693439
69.54947368400,0.01831493199
69.60315789500,0.01587292959
69.65684210500,0.01343092720
69.71052631600,0.01098892480
69.76421052600,0.01587292959
69.81789473700,0.02564093919
69.87157894700,0.02319893679
69.92526315800,0.02075693439
69.97894736800,0.02075693439
70.03263157900,0.01831493199
70.08631578900,0.02075693439
70.14000000000,0.01831493199
70.19368421100,0.02075693439
70.24736842100,0.01587292959
70.30105263200,0.01831493199
70.35473684200,0.01587292959
70.40842105300,0.01831493199
70.46210526300,0.02075693439
70.51578947400,0.01587292959
70.56947368400,0.02075693439
70.62315789500,0.01831493199
70.67684210500,0.02319893679
70.73052631600,0.02319893679
70.78421052600,0.02075693439
70.83789473700,0.01587292959
70.89157894700,0.01587292959
70.94526315800,0.01831493199
70.99894736800,0.01587292959
71.05263157900,0.01343092720
71.10631579000,0.01831493199
71.16000000000,0.01587292959
71.21368421100,0.01343092720
71.26736842100,0.01343092720
71.32105263200,0.01098892480
71.37473684200,0.01831493199
71.42842105300,0.01587292959
71.48210526300,0.01343092720
71.53578947400,0.01098892480
71.58947368400,0.01098892480
71.64315789500,0.01343092720
71.69684210500,0.02075693439
71.75052631600,0.01831493199
71.80421052600,0.01587292959
71.85789473700,0.01587292959
71.91157894700,0.01587292959
71.96526315800,0.01343092720
72.01894736800,0.01343092720
72.07263157900,0.01587292959
72.12631579000,0.02075693439
72.18000000000,0.01343092720
72.23368421100,0.01587292959
72.28736842100,0.01343092720
72.34105263200,0.01098892480
72.39473684200,0.00854692239
72.44842105300,0.00854692239
72.50210526300,0.01098892480
72.55578947400,0.00854692239
72.60947368400,0.00610491999
72.66315789500,0.00610491999
72.71684210500,0.00610491999
72.77052631600,0.00366291760
72.82421052600,0.00610491999
72.87789473700,0.01098892480
72.93157894700,0.01098892480
72.98526315800,0.00610491999
73.03894736900,0.00854692239
73.09263157900,0.00610491999
73.14631579000,0.00610491999
73.20000000000,0.00854692239
73.25368421100,0.01098892480
73.30736842100,0.01098892480
73.36105263200,0.00854692239
73.41473684200,0.01587292959
73.46842105300,0.01831493199
73.52210526300,0.01587292959
73.57578947400,0.01343092720
73.62947368400,0.02075693439
73.68315789500,0.01831493199
73.73684210500,0.01587292959
73.79052631600,0.01587292959
73.84421052600,0.01343092720
73.89789473700,0.01831493199
73.95157894700,0.01343092720
74.00526315800,0.01343092720
74.05894736800,0.01587292959
74.11263157900,0.02075693439
74.16631578900,0.01587292959
74.22000000000,0.02075693439
74.27368421100,0.01831493199
74.32736842100,0.02075693439
74.38105263200,0.01343092720
74.43473684200,0.01831493199
74.48842105300,0.01831493199
74.54210526300,0.02319893679
74.59578947400,0.02075693439
74.64947368400,0.03540894879
74.70315789500,0.04029295360
74.75684210500,0.03785095119
74.81052631600,0.03540894879
74.86421052600,0.03052494399
74.91789473700,0.03052494399
74.97157894700,0.02808294159
75.02526315800,0.02808294159
75.07894736800,0.02564093919
75.13263157900,0.02808294159
75.18631579000,0.02564093919
75.24000000000,0.02319893679
75.29368421100,0.02075693439
75.34736842100,0.02075693439
75.40105263100,0.02075693439
75.45473684200,0.01831493199
75.50842105300,0.01831493199
75.56210526300,0.02075693439
75.61578947400,0.02564093919
75.66947368400,0.02319893679
75.72315789500,0.02075693439
75.77684210500,0.01587292959
75.83052631600,0.02564093919
75.88421052600,0.02075693439
75.93789473700,0.02319893679
75.99157894700,0.02319893679
76.04526315800,0.02319893679
76.09894736800,0.02075693439
76.15263157900,0.02075693439
76.20631578900,0.01587292959
76.26000000000,0.01831493199
76.31368421100,0.01831493199
76.36736842100,0.01587292959
76.42105263200,0.01343092720
76.47473684200,0.01343092720
76.52842105300,0.01343092720
76.58210526300,0.00854692239
76.63578947400,0.00854692239
76.68947368400,0.01098892480
76.74315789500,0.00854692239
76.79684210500,0.01343092720
76.85052631600,0.02319893679
76.90421052600,0.01831493199
76.95789473700,0.01587292959
77.01157894700,0.01831493199
77.06526315800,0.01587292959
77.11894736900,0.01343092720
77.17263157900,0.01343092720
77.22631579000,0.00854692239
77.28000000000,0.01098892480
77.33368421100,0.01098892480
77.38736842100,0.00854692239
77.44105263200,0.00610491999
77.49473684200,0.00854692239
77.54842105300,0.01098892480
77.60210526300,0.01098892480
77.65578947400,0.01098892480
77.70947368400,0.01098892480
77.76315789500,0.00854692239
77.81684210500,0.00854692239
77.87052631600,0.00854692239
77.92421052600,0.00610491999
77.97789473700,0.00610491999
78.03157894700,0.01343092720
78.08526315800,0.01098892480
78.13894736800,0.02075693439
78.19263157900,0.01831493199
78.24631579000,0.01343092720
78.30000000000,0.01098892480
78.35368421100,0.00854692239
78.40736842100,0.01831493199
78.46105263200,0.01831493199
78.51473684200,0.03052494399
78.56842105300,0.02564093919
78.62210526300,0.02319893679
78.67578947400,0.02319893679
78.72947368400,0.01831493199
78.78315789500,0.01831493199
78.83684210500,0.01587292959
78.89052631600,0.01343092720
78.94421052600,0.01343092720
78.99789473700,0.01098892480
79.05157894700,0.00854692239
79.10526315800,0.01098892480
79.15894736800,0.01343092720
79.21263157900,0.01343092720
79.26631578900,0.01343092720
79.32000000000,0.01098892480
79.37368421100,0.01098892480
79.42736842100,0.01343092720
79.48105263200,0.01098892480
79.53473684200,0.01098892480
79.58842105300,0.00854692239
79.64210526300,0.01343092720
79.69578947400,0.01098892480
79.74947368400,0.01098892480
79.80315789500,0.00610491999
79.85684210500,0.01343092720
79.91052631600,0.01587292959
79.96421052600,0.01343092720
80.01789473700,0.01098892480
80.07157894700,0.01098892480
80.12526315800,0.00854692239
80.17894736800,0.01587292959
80.23263157900,0.01831493199
80.28631578900,0.01587292959
80.34000000000,0.01587292959
80.39368421100,0.01343092720
80.44736842100,0.01098892480
80.50105263200,0.01098892480
80.55473684200,0.01098892480
80.60842105300,0.00854692239
80.66210526300,0.00610491999
80.71578947400,0.00610491999
80.76947368400,0.00366291760
80.82315789500,0.00610491999
80.87684210500,0.01343092720
80.93052631600,0.01098892480
80.98421052600,0.00854692239
81.03789473700,0.01098892480
81.09157894700,0.00854692239
81.14526315800,0.00610491999
81.19894736900,0.00366291760
81.25263157900,0.00610491999
81.30631578900,0.00610491999
81.36000000000,0.00366291760
81.41368421000,0.00366291760
81.46736842100,0.00610491999
81.52105263200,0.00610491999
81.57473684200,0.01587292959
81.62842105300,0.02319893679
81.68210526300,0.02564093919
81.73578947400,0.02319893679
81.78947368400,0.02075693439
81.84315789500,0.02075693439
81.89684210500,0.02808294159
81.95052631600,0.02564093919
82.00421052600,0.02319893679
82.05789473700,0.02075693439
82.11157894700,0.01831493199
82.16526315800,0.01587292959
82.21894736800,0.01098892480
82.27263157900,0.01343092720
82.32631579000,0.01587292959
82.38000000000,0.01343092720
82.43368421100,0.01343092720
82.48736842100,0.01098892480
82.54105263200,0.01587292959
82.59473684200,0.01343092720
82.64842105300,0.00854692239
82.70210526300,0.01098892480
82.75578947400,0.00854692239
82.80947368400,0.01098892480
82.86315789500,0.01587292959
82.91684210500,0.01343092720
82.97052631600,0.01343092720
83.02421052600,0.01098892480
83.07789473700,0.00854692239
83.13157894800,0.01098892480
83.18526315800,0.01343092720
83.23894736900,0.01098892480
83.29263157900,0.00854692239
83.34631579000,0.01098892480
83.40000000000,0.00610491999
83.45368421100,0.01098892480
83.50736842100,0.01343092720
83.56105263200,0.01098892480
83.61473684200,0.01343092720
83.66842105300,0.01098892480
83.72210526300,0.01831493199
83.77578947400,0.02319893679
83.82947368400,0.02319893679
83.88315789500,0.01831493199
83.93684210500,0.01831493199
83.99052631600,0.01587292959
84.04421052600,0.01831493199
84.09789473700,0.01587292959
84.15157894700,0.02319893679
84.20526315800,0.01831493199
84.25894736900,0.02319893679
84.31263157900,0.02075693439
84.36631579000,0.02319893679
84.42000000000,0.02075693439
84.47368421100,0.01831493199
84.52736842100,0.02319893679
84.58105263200,0.01831493199
84.63473684200,0.01587292959
84.68842105300,0.01343092720
84.74210526300,0.01587292959
84.79578947400,0.01587292959
84.84947368400,0.01343092720
84.90315789500,0.01831493199
84.95684210500,0.01343092720
85.01052631600,0.01098892480
85.06421052600,0.01343092720
85.11789473700,0.01831493199
85.17157894700,0.02319893679
85.22526315800,0.02075693439
85.27894736800,0.02075693439
85.33263157900,0.01831493199
85.38631578900,0.02319893679
85.44000000000,0.02319893679
85.49368421100,0.01831493199
85.54736842100,0.01831493199
85.60105263200,0.01587292959
85.65473684200,0.01831493199
85.70842105300,0.01587292959
85.76210526300,0.01343092720
85.81578947400,0.02075693439
85.86947368400,0.02075693439
85.92315789500,0.01587292959
85.97684210500,0.01343092720
86.03052631600,0.01587292959
86.08421052600,0.01343092720
86.13789473700,0.01343092720
86.19157894700,0.01098892480
86.24526315800,0.01343092720
86.29894736800,0.01343092720
86.35263157900,0.01098892480
86.40631578900,0.01343092720
86.46000000000,0.02319893679
86.51368421100,0.02319893679
86.56736842100,0.02319893679
86.62105263200,0.02808294159
86.67473684200,0.02564093919
86.72842105300,0.02319893679
86.78210526300,0.03296694639
86.83578947400,0.03052494399
86.88947368400,0.02319893679
86.94315789500,0.02075693439
86.99684210500,0.02075693439
87.05052631600,0.01831493199
87.10421052600,0.01831493199
87.15789473700,0.01587292959
87.21157894700,0.01098892480
87.26526315800,0.01343092720
87.31894736800,0.01098892480
87.37263157900,0.01831493199
87.42631578900,0.02075693439
87.48000000000,0.01831493199
87.53368421100,0.01831493199
87.58736842100,0.01587292959
87.64105263200,0.01098892480
87.69473684200,0.01587292959
87.74842105300,0.01098892480
87.80210526300,0.01831493199
87.85578947400,0.01343092720
87.90947368400,0.01343092720
87.96315789500,0.01587292959
88.01684210500,0.02319893679
88.07052631600,0.02564093919
88.12421052600,0.02319893679
88.17789473700,0.01587292959
88.23157894700,0.01831493199
88.28526315800,0.01587292959
88.33894736800,0.01343092720
88.39263157900,0.01343092720
88.44631578900,0.01343092720
88.50000000000,0.01343092720
88.55368421000,0.01098892480
88.60736842100,0.01098892480
88.66105263200,0.01098892480
88.71473684200,0.00854692239
88.76842105300,0.01587292959
88.82210526300,0.02075693439
88.87578947400,0.01831493199
88.92947368400,0.01831493199
88.98315789500,0.02808294159
89.03684210500,0.02319893679
89.09052631600,0.02319893679
89.14421052600,0.02075693439
89.19789473700,0.02075693439
89.25157894700,0.01831493199
89.30526315800,0.01831493199
89.35894736800,0.02075693439
89.41263157900,0.01831493199
89.46631578900,0.02564093919
89.52000000000,0.02075693439
89.57368421000,0.02319893679
89.62736842100,0.02075693439
89.68105263200,0.01831493199
89.73473684200,0.02075693439
89.78842105300,0.01831493199
89.84210526300,0.01831493199
89.89578947400,0.01343092720
89.94947368400,0.03052494399
90.00315789500,0.02564093919
90.05684210500,0.02319893679
90.11052631600,0.02808294159
90.16421052600,0.02564093919
90.21789473700,0.02808294159
90.27157894700,0.02564093919
90.32526315800,0.02319893679
90.37894736800,0.02319893679
90.43263157900,0.02808294159
90.48631579000,0.03785095119
90.54000000000,0.04029295360
90.59368421100,0.04029295360
90.64736842100,0.03785095119
90.70105263200,0.03296694639
90.75473684200,0.03296694639
90.80842105300,0.02808294159
90.86210526300,0.02564093919
90.91578947400,0.02319893679
90.96947368400,0.02075693439
91.02315789500,0.02075693439
91.07684210500,0.02075693439
91.13052631600,0.01831493199
91.18421052600,0.02075693439
91.23789473700,0.02075693439
91.29157894700,0.02075693439
91.34526315800,0.02075693439
91.39894736800,0.02075693439
91.45263157900,0.02075693439
91.50631578900,0.01587292959
91.56000000000,0.02075693439
91.61368421100,0.02808294159
91.66736842100,0.02564093919
91.72105263200,0.02319893679
91.77473684200,0.02075693439
91.82842105300,0.01831493199
91.88210526300,0.01831493199
91.93578947400,0.01587292959
91.98947368400,0.01343092720
92.04315789500,0.02075693439
92.09684210500,0.02564093919
92.15052631600,0.03540894879
92.20421052600,0.03296694639
92.25789473700,0.02808294159
92.31157894700,0.03540894879
92.36526315800,0.03296694639
92.41894736800,0.04029295360
92.47263157900,0.03540894879
92.52631578900,0.03296694639
92.58000000000,0.03052494399
92.63368421100,0.02808294159
92.68736842100,0.02319893679
92.74105263200,0.02075693439
92.79473684200,0.02075693439
92.84842105300,0.01831493199
92.90210526300,0.02075693439
92.95578947400,0.02808294159
93.00947368400,0.02319893679
93.06315789500,0.01831493199
93.11684210500,0.02319893679
93.17052631600,0.02075693439
93.22421052600,0.01831493199
93.27789473700,0.01831493199
93.33157894700,0.01343092720
93.38526315800,0.01343092720
93.43894736800,0.01587292959
93.49263157900,0.01831493199
93.54631578900,0.01831493199
93.60000000000,0.01831493199
93.65368421000,0.01587292959
93.70736842100,0.01831493199
93.76105263200,0.03296694639
93.81473684200,0.03052494399
93.86842105300,0.02319893679
93.92210526300,0.02564093919
93.97578947400,0.02319893679
94.02947368400,0.03052494399
94.08315789500,0.02808294159
94.13684210500,0.02319893679
94.19052631600,0.02319893679
94.24421052600,0.02319893679
94.29789473700,0.02808294159
94.35157894700,0.02564093919
94.40526315800,0.02319893679
94.45894736800,0.02319893679
94.51263157900,0.02075693439
94.56631579000,0.01587292959
94.62000000000,0.01831493199
94.67368421100,0.01587292959
94.72736842100,0.01831493199
94.78105263200,0.02075693439
94.83473684200,0.02564093919
94.88842105300,0.02808294159
94.94210526300,0.02319893679
94.99578947400,0.02075693439
95.04947368400,0.02319893679
95.10315789500,0.02075693439
95.15684210500,0.02075693439
95.21052631600,0.01831493199
95.26421052600,0.01587292959
95.31789473700,0.02319893679
95.37157894700,0.01831493199
95.42526315800,0.01831493199
95.47894736800,0.01587292959
95.53263157900,0.01587292959
95.58631579000,0.01587292959
95.64000000000,0.01587292959
95.69368421100,0.01343092720
95.74736842100,0.01343092720
95.80105263200,0.01098892480
95.85473684200,0.01587292959
95.90842105300,0.01343092720
95.96210526300,0.01343092720
96.01578947400,0.01098892480
96.06947368400,0.01098892480
96.12315789500,0.01098892480
96.17684210500,0.01343092720
96.23052631600,0.01343092720
96.28421052600,0.01343092720
96.33789473700,0.02564093919
96.39157894800,0.03296694639
96.44526315800,0.03052494399
96.49894736900,0.02808294159
96.55263157900,0.02564093919
96.60631579000,0.02319893679
96.66000000000,0.02564093919
96.71368421100,0.03052494399
96.76736842100,0.02808294159
96.82105263200,0.02808294159
96.87473684200,0.02564093919
96.92842105300,0.02564093919
96.98210526300,0.02319893679
97.03578947400,0.01831493199
97.08947368400,0.01831493199
97.14315789500,0.01587292959
97.19684210500,0.01343092720
97.25052631600,0.01343092720
97.30421052600,0.01098892480
97.35789473700,0.01831493199
97.41157894700,0.01587292959
97.46526315800,0.01343092720
97.51894736800,0.01343092720
97.57263157900,0.01098892480
97.62631579000,0.01098892480
97.68000000000,0.00854692239
97.73368421100,0.00854692239
97.78736842100,0.01098892480
97.84105263200,0.01343092720
97.89473684200,0.01343092720
97.94842105300,0.01098892480
98.00210526300,0.00610491999
98.05578947400,0.00854692239
98.10947368400,0.00854692239
98.16315789500,0.00854692239
98.21684210500,0.00610491999
98.27052631600,0.00610491999
98.32421052600,0.00610491999
98.37789473700,0.00122091520
98.43157894700,0.00366291760
98.48526315800,0.00366291760
98.53894736900,0.01343092720
98.59263157900,0.01098892480
98.64631578900,0.01098892480
98.70000000000,0.01098892480
98.75368421000,0.01343092720
98.80736842100,0.01098892480
98.86105263200,0.01098892480
98.91473684200,0.01831493199
98.96842105300,0.02319893679
99.02210526300,0.01831493199
99.07578947400,0.02808294159
99.12947368400,0.02319893679
99.18315789500,0.02075693439
99.23684210500,0.01831493199
99.29052631600,0.02075693439
99.34421052600,0.01831493199
99.39789473700,0.01831493199
99.45157894700,0.01831493199
99.50526315800,0.02319893679
99.55894736800,0.02075693439
99.61263157900,0.01831493199
99.66631579000,0.01587292959
99.72000000000,0.01343092720
99.77368421100,0.01831493199
99.82736842100,0.01831493199
99.88105263200,0.01587292959
99.93473684200,0.01587292959
99.98842105300,0.01343092720
100.04210526000,0.01098892480
100.09578947000,0.01343092720
100.14947368000,0.01098892480
100.20315789000,0.01343092720
100.25684211000,0.01098892480
100.31052632000,0.01098892480
100.36421053000,0.00610491999
100.41789474000,0.00610491999
100.47157895000,0.02808294159
100.52526316000,0.02564093919
100.57894737000,0.02075693439
100.63263158000,0.02564093919
100.68631579000,0.02808294159
100.74000000000,0.02808294159
100.79368421000,0.02319893679
100.84736842000,0.02075693439
100.90105263000,0.02319893679
100.95473684000,0.02075693439
101.00842105000,0.02075693439
101.06210526000,0.02075693439
101.11578947000,0.03052494399
101.16947368000,0.02808294159
101.22315789000,0.02319893679
101.27684211000,0.02075693439
101.33052632000,0.01831493199
101.38421053000,0.01831493199
101.43789474000,0.02319893679
101.49157895000,0.02564093919
101.54526316000,0.02319893679
101.59894737000,0.02075693439
101.65263158000,0.02075693439
101.70631579000,0.02075693439
101.76000000000,0.01831493199
101.81368421000,0.01587292959
101.86736842000,0.01831493199
101.92105263000,0.02319893679
101.97473684000,0.02075693439
102.02842105000,0.01587292959
102.08210526000,0.01587292959
102.13578947000,0.01343092720
102.18947368000,0.01343092720
102.24315789000,0.01343092720
102.29684211000,0.01098892480
102.35052632000,0.01098892480
102.40421053000,0.01587292959
102.45789474000,0.01587292959
102.51157895000,0.01343092720
102.56526316000,0.01343092720
102.61894737000,0.01343092720
102.67263158000,0.01343092720
102.72631579000,0.01098892480
102.78000000000,0.01098892480
102.83368421000,0.01098892480
102.88736842000,0.01587292959
102.94105263000,0.02319893679
102.99473684000,0.02075693439
103.04842105000,0.01831493199
103.10210526000,0.01587292959
103.15578947000,0.01587292959
103.20947368000,0.01587292959
103.26315789000,0.01587292959
103.31684211000,0.02075693439
103.37052632000,0.01831493199
103.42421053000,0.03052494399
103.47789474000,0.03052494399
103.53157895000,0.02564093919
103.58526316000,0.02564093919
103.63894737000,0.02564093919
103.69263158000,0.03052494399
103.74631579000,0.02808294159
103.80000000000,0.03052494399
103.85368421000,0.02564093919
103.90736842000,0.02075693439
103.96105263000,0.02319893679
104.01473684000,0.02319893679
104.06842105000,0.02075693439
104.12210526000,0.01831493199
104.17578947000,0.01831493199
104.22947368000,0.01587292959
104.28315789000,0.01587292959
104.33684211000,0.02808294159
104.39052632000,0.02808294159
104.44421053000,0.02564093919
104.49789474000,0.02319893679
104.55157895000,0.02564093919
104.60526316000,0.02319893679
104.65894737000,0.02564093919
104.71263158000,0.02564093919
104.76631579000,0.02319893679
104.82000000000,0.02808294159
104.87368421000,0.02564093919
104.92736842000,0.02075693439
104.98105263000,0.01831493199
105.03473684000,0.02319893679
105.08842105000,0.01587292959
105.14210526000,0.01831493199
105.19578947000,0.02075693439
105.24947368000,0.01831493199
105.30315789000,0.01587292959
105.35684211000,0.01343092720
105.41052632000,0.01343092720
105.46421053000,0.01587292959
105.51789474000,0.01098892480
105.57157895000,0.01587292959
105.62526316000,0.01587292959
105.67894737000,0.01587292959
105.73263158000,0.01587292959
105.78631579000,0.01343092720
105.84000000000,0.01343092720
105.89368421000,0.00854692239
105.94736842000,0.01831493199
106.00105263000,0.02564093919
106.05473684000,0.02564093919
106.10842105000,0.02564093919
106.16210526000,0.02319893679
106.21578947000,0.02075693439
106.26947368000,0.02319893679
106.32315789000,0.02319893679
106.37684211000,0.02319893679
106.43052632000,0.03540894879
106.48421053000,0.03296694639
106.53789474000,0.03296694639
106.59157895000,0.02808294159
106.64526316000,0.03052494399
106.69894737000,0.02808294159
106.75263158000,0.02808294159
106.80631579000,0.03052494399
106.86000000000,0.03052494399
106.91368421000,0.02808294159
106.96736842000,0.03052494399
107.02105263000,0.02808294159
107.07473684000,0.02808294159
107.12842105000,0.03785095119
107.18210526000,0.03296694639
107.23578947000,0.03785095119
107.28947368000,0.04029295360
107.34315789000,0.03785095119
107.39684211000,0.03296694639
107.45052632000,0.03052494399
107.50421053000,0.03052494399
107.55789474000,0.02808294159
107.61157895000,0.02319893679
107.66526316000,0.02319893679
107.71894737000,0.02075693439
107.77263158000,0.01831493199
107.82631579000,0.01343092720
107.88000000000,0.01587292959
107.93368421000,0.01587292959
107.98736842000,0.02075693439
108.04105263000,0.02075693439
108.09473684000,0.02808294159
108.14842105000,0.02564093919
108.20210526000,0.02075693439
108.25578947000,0.02808294159
108.30947368000,0.02564093919
108.36315789000,0.02075693439
108.41684211000,0.02319893679
108.47052632000,0.02564093919
108.52421053000,0.02319893679
108.57789474000,0.01831493199
108.63157895000,0.02808294159
108.68526316000,0.02564093919
108.73894737000,0.02075693439
108.79263158000,0.02319893679
108.84631579000,0.03052494399
108.90000000000,0.02808294159
108.95368421000,0.02808294159
109.00736842000,0.02564093919
109.06105263000,0.03052494399
109.11473684000,0.02564093919
109.16842105000,0.02808294159
109.22210526000,0.02319893679
109.27578947000,0.01831493199
109.32947368000,0.01831493199
109.38315789000,0.02564093919
109.43684211000,0.02075693439
109.49052632000,0.02075693439
109.54421053000,0.01831493199
109.59789474000,0.01587292959
109.65157895000,0.01343092720
109.70526316000,0.01587292959
109.75894737000,0.02075693439
109.81263158000,0.01587292959
109.86631579000,0.01587292959
109.92000000000,0.01587292959
109.97368421000,0.01587292959
110.02736842000,0.02319893679
110.08105263000,0.02319893679
110.13473684000,0.01831493199
110.18842105000,0.02319893679
110.24210526000,0.03296694639
110.29578947000,0.03540894879
110.34947368000,0.03296694639
110.40315789000,0.03052494399
110.45684211000,0.02564093919
110.51052632000,0.02564093919
110.56421053000,0.02564093919
110.61789474000,0.02319893679
110.67157895000,0.02075693439
110.72526316000,0.01831493199
110.77894737000,0.01587292959
110.83263158000,0.01831493199
110.88631579000,0.01831493199
110.94000000000,0.01587292959
110.99368421000,0.01343092720
111.04736842000,0.01343092720
111.10105263000,0.01098892480
111.15473684000,0.00854692239
111.20842105000,0.01098892480
111.26210526000,0.01587292959
111.31578947000,0.01831493199
111.36947368000,0.01587292959
111.42315789000,0.01831493199
111.47684211000,0.02075693439
111.53052632000,0.01831493199
111.58421053000,0.02075693439
111.63789474000,0.01831493199
111.69157895000,0.01831493199
111.74526316000,0.01587292959
111.79894737000,0.01587292959
111.85263158000,0.01831493199
111.90631579000,0.01831493199
111.96000000000,0.02564093919
112.01368421000,0.02319893679
112.06736842000,0.02075693439
112.12105263000,0.02075693439
112.17473684000,0.01587292959
112.22842105000,0.01587292959
112.28210526000,0.01343092720
112.33578947000,0.00854692239
112.38947368000,0.01098892480
112.44315789000,0.02319893679
112.49684211000,0.02319893679
112.55052632000,0.02075693439
112.60421053000,0.03052494399
112.65789474000,0.02808294159
112.71157895000,0.02075693439
112.76526316000,0.02564093919
112.81894737000,0.02075693439
112.87263158000,0.02075693439
112.92631579000,0.02075693439
112.98000000000,0.01587292959
113.03368421000,0.02319893679
113.08736842000,0.02075693439
113.14105263000,0.02075693439
113.19473684000,0.01587292959
113.24842105000,0.01587292959
113.30210526000,0.01587292959
113.35578947000,0.01831493199
113.40947368000,0.01343092720
113.46315789000,0.01343092720
113.51684211000,0.01098892480
113.57052632000,0.01831493199
113.62421053000,0.02808294159
113.67789474000,0.02564093919
113.73157895000,0.02319893679
113.78526316000,0.02319893679
113.83894737000,0.02319893679
113.89263158000,0.02319893679
113.94631579000,0.02319893679
114.00000000000,0.02564093919
114.05368421000,0.02075693439
114.10736842000,0.01831493199
114.16105263000,0.01587292959
114.21473684000,0.01831493199
114.26842105000,0.02075693439
114.32210526000,0.01831493199
114.37578947000,0.01587292959
114.42947368000,0.01587292959
114.48315789000,0.01343092720
114.53684211000,0.01098892480
114.59052632000,0.01343092720
114.64421053000,0.02075693439
114.69789474000,0.02075693439
114.75157895000,0.02319893679
114.80526316000,0.03052494399
114.85894737000,0.02808294159
114.91263158000,0.02564093919
114.96631579000,0.02319893679
115.02000000000,0.02075693439
115.07368421000,0.02075693439
115.12736842000,0.01831493199
115.18105263000,0.01831493199
115.23473684000,0.01587292959
115.28842105000,0.01831493199
115.34210526000,0.02075693439
115.39578947000,0.01831493199
115.44947368000,0.01831493199
115.50315789000,0.01831493199
115.55684211000,0.01587292959
115.61052632000,0.01343092720
115.66421053000,0.01098892480
115.71789474000,0.01098892480
115.77157895000,0.01098892480
115.82526316000,0.00854692239
115.87894737000,0.00610491999
115.93263158000,0.00610491999
115.98631579000,0.01098892480
116.04000000000,0.01098892480
116.09368421000,0.01831493199
116.14736842000,0.01343092720
116.20105263000,0.01831493199
116.25473684000,0.02319893679
116.30842105000,0.03052494399
116.36210526000,0.02564093919
116.41578947000,0.02564093919
116.46947368000,0.02319893679
116.52315789000,0.02075693439
116.57684211000,0.01831493199
116.63052632000,0.02075693439
116.68421053000,0.01831493199
116.73789474000,0.02319893679
116.79157895000,0.02319893679
116.84526316000,0.01831493199
116.89894737000,0.01831493199
116.95263158000,0.01587292959
117.00631579000,0.01587292959
117.06000000000,0.01587292959
117.11368421000,0.02075693439
117.16736842000,0.02075693439
117.22105263000,0.01831493199
117.27473684000,0.01831493199
117.32842105000,0.01587292959
117.38210526000,0.01587292959
117.43578947000,0.01587292959
117.48947368000,0.01343092720
117.54315789000,0.01343092720
117.59684211000,0.00854692239
117.65052632000,0.01098892480
117.70421053000,0.00854692239
117.75789474000,0.01098892480
117.81157895000,0.01098892480
117.86526316000,0.01587292959
117.91894737000,0.01343092720
117.97263158000,0.01343092720
118.02631579000,0.02319893679
118.08000000000,0.02075693439
118.13368421000,0.01587292959
118.18736842000,0.02564093919
118.24105263000,0.02319893679
118.29473684000,0.02319893679
118.34842105000,0.02075693439
118.40210526000,0.02075693439
118.45578947000,0.01831493199
118.50947368000,0.01587292959
118.56315789000,0.01587292959
118.61684211000,0.01831493199
118.67052632000,0.01587292959
118.72421053000,0.01343092720
118.77789474000,0.01343092720
118.83157895000,0.01098892480
118.88526316000,0.02075693439
118.93894737000,0.01587292959
118.99263158000,0.01831493199
119.04631579000,0.01587292959
119.10000000000,0.01343092720
119.15368421000,0.01343092720
119.20736842000,0.00854692239
119.26105263000,0.01098892480
119.31473684000,0.00854692239
119.36842105000,0.00854692239
119.42210526000,0.00610491999
119.47578947000,0.00610491999
119.52947368000,0.01343092720
119.58315789000,0.01098892480
119.63684211000,0.01098892480
119.69052632000,0.01098892480
119.74421053000,0.01587292959
119.79789474000,0.01343092720
119.85157895000,0.01343092720
119.90526316000,0.01098892480
119.95894737000,0.01098892480
