12.00000000000,0.03052494399
12.05368421100,0.03540894879
12.10736842100,0.02808294159
12.16105263200,0.02808294159
12.21473684200,0.02564093919
12.26842105300,0.02075693439
12.32210526300,0.02075693439
12.37578947400,0.01831493199
12.42947368400,0.02075693439
12.48315789500,0.02075693439
12.53684210500,0.02075693439
12.59052631600,0.02319893679
12.64421052600,0.02808294159
12.69789473700,0.03296694639
12.75157894700,0.03540894879
12.80526315800,0.04273495600
12.85894736800,0.03785095119
12.91263157900,0.05738697039
12.96631578900,0.05738697039
13.02000000000,0.05250296559
13.07368421100,0.05494496799
13.12736842100,0.04761896079
13.18105263200,0.05006096319
13.23473684200,0.04761896079
13.28842105300,0.05738697039
13.34210526300,0.05494496799
13.39578947400,0.05250296559
13.44947368400,0.05494496799
13.50315789500,0.06715497999
13.55684210500,0.07692298959
13.61052631600,0.06959698239
13.66421052600,0.06471297759
13.71789473700,0.06471297759
13.77157894700,0.05494496799
13.82526315800,0.06227097519
13.87894736800,0.05738697039
13.93263157900,0.06227097519
13.98631578900,0.06471297759
14.04000000000,0.06959698239
14.09368421100,0.05982897279
14.14736842100,0.05494496799
14.20105263200,0.05982897279
14.25473684200,0.05250296559
14.30842105300,0.06471297759
14.36210526300,0.05982897279
14.41578947400,0.05494496799
14.46947368400,0.05738697039
14.52315789500,0.05738697039
14.57684210500,0.05250296559
14.63052631600,0.05494496799
14.68421052600,0.05738697039
14.73789473700,0.07448098718
14.79157894700,0.07936499199
14.84526315800,0.06959698239
14.89894736800,0.06959698239
14.95263157900,0.06959698239
15.00631578900,0.06715497999
15.06000000000,0.06471297759
15.11368421100,0.05982897279
15.16736842100,0.06715497999
15.22105263200,0.06227097519
15.27473684200,0.07448098718
15.32842105300,0.07448098718
15.38210526300,0.06959698239
15.43578947400,0.06715497999
15.48947368400,0.06227097519
15.54315789500,0.05494496799
15.59684210500,0.06471297759
15.65052631600,0.06959698239
15.70421052600,0.06471297759
15.75789473700,0.06715497999
15.81157894700,0.06227097519
15.86526315800,0.05494496799
15.91894736800,0.05982897279
15.97263157900,0.05494496799
16.02631578900,0.05006096319
16.08000000000,0.04761896079
16.13368421100,0.04273495600
16.18736842100,0.04029295360
16.24105263200,0.04029295360
16.29473684200,0.04761896079
16.34842105300,0.04029295360
16.40210526300,0.03785095119
16.45578947400,0.04029295360
16.50947368400,0.03785095119
16.56315789500,0.03785095119
16.61684210500,0.03540894879
16.67052631600,0.03785095119
16.72421052600,0.04761896079
16.77789473700,0.04273495600
16.83157894700,0.03540894879
16.88526315800,0.03296694639
16.93894736800,0.04517695840
16.99263157900,0.04273495600
17.04631578900,0.04273495600
17.10000000000,0.04273495600
17.15368421100,0.03785095119
17.20736842100,0.03540894879
17.26105263200,0.03296694639
17.31473684200,0.02808294159
17.36842105300,0.02564093919
17.42210526300,0.02319893679
17.47578947400,0.03540894879
17.52947368400,0.03785095119
17.58315789500,0.05006096319
17.63684210500,0.05738697039
17.69052631600,0.06715497999
17.74421052600,0.05738697039
17.79789473700,0.05494496799
17.85157894700,0.05006096319
17.90526315800,0.05250296559
17.95894736800,0.05494496799
18.01263157900,0.05250296559
18.06631578900,0.04761896079
18.12000000000,0.04273495600
18.17368421100,0.04029295360
18.22736842100,0.04029295360
18.28105263200,0.03785095119
18.33473684200,0.04517695840
18.38842105300,0.04273495600
18.44210526300,0.04273495600
18.49578947400,0.04273495600
18.54947368400,0.05738697039
18.60315789500,0.05494496799
18.65684210500,0.06227097519
18.71052631600,0.05494496799
18.76421052600,0.05250296559
18.81789473700,0.05494496799
18.87157894700,0.05250296559
18.92526315800,0.05006096319
18.97894736800,0.04273495600
19.03263157900,0.04273495600
19.08631578900,0.03785095119
19.14000000000,0.03540894879
19.19368421100,0.03296694639
19.24736842100,0.03296694639
19.30105263200,0.03296694639
19.35473684200,0.03052494399
19.40842105300,0.02808294159
19.46210526300,0.02808294159
19.51578947400,0.03052494399
19.56947368400,0.03052494399
19.62315789500,0.04029295360
19.67684210500,0.03540894879
19.73052631600,0.03296694639
19.78421052600,0.02808294159
19.83789473700,0.03785095119
19.89157894700,0.05006096319
19.94526315800,0.05250296559
19.99894736800,0.05006096319
20.05263157900,0.05006096319
20.10631578900,0.05738697039
20.16000000000,0.05250296559
20.21368421100,0.05250296559
20.26736842100,0.04517695840
20.32105263200,0.04273495600
20.37473684200,0.04517695840
20.42842105300,0.04273495600
20.48210526300,0.03785095119
20.53578947400,0.03540894879
20.58947368400,0.03296694639
20.64315789500,0.03052494399
20.69684210500,0.02808294159
20.75052631600,0.02564093919
20.80421052600,0.02808294159
20.85789473700,0.02808294159
20.91157894700,0.02564093919
20.96526315800,0.02319893679
21.01894736800,0.02808294159
21.07263157900,0.03296694639
21.12631578900,0.03052494399
21.18000000000,0.03296694639
21.23368421100,0.03052494399
21.28736842100,0.03296694639
21.34105263200,0.03785095119
21.39473684200,0.03296694639
21.44842105300,0.03296694639
21.50210526300,0.04029295360
21.55578947400,0.04273495600
21.60947368400,0.04029295360
21.66315789500,0.03296694639
21.71684210500,0.03052494399
21.77052631600,0.02808294159
21.82421052600,0.02808294159
21.87789473700,0.02319893679
21.93157894700,0.02808294159
21.98526315800,0.02564093919
22.03894736800,0.02319893679
22.09263157900,0.03052494399
22.14631579000,0.02808294159
22.20000000000,0.03296694639
22.25368421100,0.02808294159
22.30736842100,0.02319893679
22.36105263200,0.03540894879
22.41473684200,0.03052494399
22.46842105300,0.02564093919
22.52210526300,0.02564093919
22.57578947400,0.02808294159
22.62947368400,0.02808294159
22.68315789500,0.02564093919
22.73684210500,0.03296694639
22.79052631600,0.03052494399
22.84421052600,0.02808294159
22.89789473700,0.02564093919
22.95157894700,0.02319893679
23.00526315800,0.02808294159
23.05894736800,0.03052494399
23.11263157900,0.03785095119
23.16631578900,0.04273495600
23.22000000000,0.05250296559
23.27368421100,0.06471297759
23.32736842100,0.06471297759
23.38105263200,0.06959698239
23.43473684200,0.07203898478
23.48842105300,0.07203898478
23.54210526300,0.07936499199
23.59578947400,0.08424899680
23.64947368400,0.09157500399
23.70315789500,0.09157500399
23.75684210500,0.09401700639
23.81052631600,0.09401700639
23.86421052600,0.11599502798
23.91789473700,0.11599502798
23.97157894700,0.12820504000
24.02526315800,0.12087903279
24.07894736800,0.12087903279
24.13263157900,0.11599502798
24.18631578900,0.11843703040
24.24000000000,0.13064704240
24.29368421100,0.12087903279
24.34736842100,0.13064704240
24.40105263200,0.12576303760
24.45473684200,0.12576303760
24.50842105300,0.11599502798
24.56210526300,0.11111102319
24.61578947400,0.11355302559
24.66947368400,0.11599502798
24.72315789500,0.11355302559
24.77684210500,0.11843703040
24.83052631600,0.12576303760
24.88421052600,0.11843703040
24.93789473700,0.10866902079
24.99157894700,0.09645900879
25.04526315800,0.09401700639
25.09894736800,0.08913300159
25.15263157900,0.08913300159
25.20631578900,0.08424899680
25.26000000000,0.07448098718
25.31368421100,0.07448098718
25.36736842100,0.06959698239
25.42105263200,0.06227097519
25.47473684200,0.06471297759
25.52842105300,0.06715497999
25.58210526300,0.07203898478
25.63578947400,0.07203898478
25.68947368400,0.07692298959
25.74315789500,0.08424899680
25.79684210500,0.08424899680
25.85052631600,0.08180699440
25.90421052600,0.10378501599
25.95789473700,0.10378501599
26.01157894700,0.10622701839
26.06526315800,0.11843703040
26.11894736800,0.12576303760
26.17263157900,0.12820504000
26.22631578900,0.13064704240
26.28000000000,0.13553104719
26.33368421100,0.16971908079
26.38736842100,0.17460308559
26.44105263200,0.20634911679
26.49473684200,0.23565314560
26.54842105300,0.23076914078
26.60210526300,0.24786315759
26.65578947400,0.27228318158
26.70947368400,0.27228318158
26.76315789500,0.29426120319
26.81684210500,0.29426120319
26.87052631600,0.29914520799
26.92421052600,0.31623922480
26.97789473700,0.32112322959
27.03157894700,0.33089123919
27.08526315800,0.33577524399
27.13894736800,0.33577524399
27.19263157900,0.36996327759
27.24631578900,0.33821724639
27.30000000000,0.32356523199
27.35368421100,0.33333324159
27.40736842100,0.31868122720
27.46105263200,0.35286926079
27.51473684200,0.36019526800
27.56842105300,0.35531126320
27.62210526300,0.35775326560
27.67578947400,0.36019526800
27.72947368400,0.35042725839
27.78315789500,0.34798525598
27.83684210500,0.32356523199
27.89052631600,0.31623922480
27.94421052600,0.29426120319
27.99789473700,0.26739917679
28.05157894700,0.25274716239
28.10526315800,0.23076914078
28.15894736800,0.21367512399
28.21263157900,0.19169710239
28.26631578900,0.18192909279
28.32000000000,0.16483507599
28.37368421100,0.16239307360
28.42736842100,0.15262506399
28.48105263200,0.13797304959
28.53473684200,0.12576303760
28.58842105300,0.11355302559
28.64210526300,0.10378501599
28.69578947400,0.10134301359
28.74947368400,0.09401700639
28.80315789500,0.08669099920
28.85684210500,0.08424899680
28.91052631600,0.08424899680
28.96421052600,0.07692298959
29.01789473700,0.07203898478
29.07157894700,0.07203898478
29.12526315800,0.07448098718
29.17894736800,0.06959698239
29.23263157900,0.07203898478
29.28631578900,0.06715497999
29.34000000000,0.08180699440
29.39368421100,0.08424899680
29.44736842100,0.08669099920
29.50105263200,0.08180699440
29.55473684200,0.07692298959
29.60842105300,0.06715497999
29.66210526300,0.05982897279
29.71578947400,0.05494496799
29.76947368400,0.05250296559
29.82315789500,0.04517695840
29.87684210500,0.05250296559
29.93052631600,0.04517695840
29.98421052600,0.04517695840
30.03789473700,0.04273495600
30.09157894700,0.04273495600
30.14526315800,0.04029295360
30.19894736800,0.04761896079
30.25263157900,0.04273495600
30.30631578900,0.04273495600
30.36000000000,0.04273495600
30.41368421100,0.04273495600
30.46736842100,0.04029295360
30.52105263200,0.05006096319
30.57473684200,0.04761896079
30.62842105300,0.04517695840
30.68210526300,0.04029295360
30.73578947400,0.04029295360
30.78947368400,0.04517695840
30.84315789500,0.03785095119
30.89684210500,0.03540894879
30.95052631600,0.03296694639
31.00421052600,0.03052494399
31.05789473700,0.02808294159
31.11157894700,0.03052494399
31.16526315800,0.02808294159
31.21894736800,0.03296694639
31.27263157900,0.02808294159
31.32631578900,0.04029295360
31.38000000000,0.04273495600
31.43368421100,0.05006096319
31.48736842100,0.04761896079
31.54105263200,0.05006096319
31.59473684200,0.05006096319
31.64842105300,0.05250296559
31.70210526300,0.05494496799
31.75578947400,0.06227097519
31.80947368400,0.05494496799
31.86315789500,0.05250296559
31.91684210500,0.05006096319
31.97052631600,0.04761896079
32.02421052600,0.04273495600
32.07789473700,0.04029295360
32.13157894700,0.04517695840
32.18526315800,0.04273495600
32.23894736800,0.04029295360
32.29263157900,0.03540894879
32.34631579000,0.03296694639
32.40000000000,0.02808294159
32.45368421100,0.02564093919
32.50736842100,0.02808294159
32.56105263200,0.03540894879
32.61473684200,0.03785095119
32.66842105300,0.03785095119
32.72210526300,0.03052494399
32.77578947400,0.02808294159
32.82947368400,0.02808294159
32.88315789500,0.02564093919
32.93684210500,0.03052494399
32.99052631600,0.03296694639
33.04421052600,0.02808294159
33.09789473700,0.02564093919
33.15157894700,0.02808294159
33.20526315800,0.03296694639
33.25894736800,0.02808294159
33.31263157900,0.02564093919
33.36631578900,0.03052494399
33.42000000000,0.02808294159
33.47368421100,0.02564093919
33.52736842100,0.02564093919
33.58105263200,0.03052494399
33.63473684200,0.03052494399
33.68842105300,0.03540894879
33.74210526300,0.03052494399
33.79578947400,0.03296694639
33.84947368400,0.03052494399
33.90315789500,0.03785095119
33.95684210500,0.04517695840
34.01052631600,0.04029295360
34.06421052600,0.04029295360
34.11789473700,0.03296694639
34.17157894700,0.03296694639
34.22526315800,0.03052494399
34.27894736800,0.03296694639
34.33263157900,0.03052494399
34.38631578900,0.02808294159
34.44000000000,0.02564093919
34.49368421100,0.02564093919
34.54736842100,0.03296694639
34.60105263200,0.03052494399
34.65473684200,0.04517695840
34.70842105300,0.05006096319
34.76210526300,0.04517695840
34.81578947400,0.04761896079
34.86947368400,0.06227097519
34.92315789500,0.05494496799
34.97684210500,0.05494496799
35.03052631600,0.04761896079
35.08421052600,0.04517695840
35.13789473700,0.04029295360
35.19157894700,0.03540894879
35.24526315800,0.03785095119
35.29894736800,0.03296694639
35.35263157900,0.03052494399
35.40631579000,0.04029295360
35.46000000000,0.05494496799
35.51368421100,0.05006096319
35.56736842100,0.04517695840
35.62105263200,0.05738697039
35.67473684200,0.05250296559
35.72842105300,0.05006096319
35.78210526300,0.05006096319
35.83578947400,0.04517695840
35.88947368400,0.04029295360
35.94315789500,0.03785095119
35.99684210500,0.03785095119
36.05052631600,0.03540894879
36.10421052600,0.03052494399
36.15789473700,0.02808294159
36.21157894700,0.03296694639
36.26526315800,0.03296694639
36.31894736800,0.04273495600
36.37263157900,0.04761896079
36.42631578900,0.04029295360
36.48000000000,0.04761896079
36.53368421100,0.04273495600
36.58736842100,0.04029295360
36.64105263200,0.04029295360
36.69473684200,0.04029295360
36.74842105300,0.04029295360
36.80210526300,0.03785095119
36.85578947400,0.03540894879
36.90947368400,0.03540894879
36.96315789500,0.04029295360
37.01684210500,0.03785095119
37.07052631600,0.03296694639
37.12421052600,0.03052494399
37.17789473700,0.02808294159
37.23157894700,0.02564093919
37.28526315800,0.02319893679
37.33894736800,0.02075693439
37.39263157900,0.02075693439
37.44631578900,0.01587292959
37.50000000000,0.01831493199
37.55368421100,0.03052494399
37.60736842100,0.02319893679
37.66105263200,0.02564093919
37.71473684200,0.02319893679
37.76842105300,0.02319893679
37.82210526300,0.02564093919
37.87578947400,0.02319893679
37.92947368400,0.01831493199
37.98315789500,0.01831493199
38.03684210500,0.01587292959
38.09052631600,0.01587292959
38.14421052600,0.01343092720
38.19789473700,0.02075693439
38.25157894700,0.01831493199
38.30526315800,0.02564093919
38.35894736800,0.02564093919
38.41263157900,0.02319893679
38.46631578900,0.02075693439
38.52000000000,0.02319893679
38.57368421100,0.02075693439
38.62736842100,0.01831493199
38.68105263200,0.02319893679
38.73473684200,0.02319893679
38.78842105300,0.02075693439
38.84210526300,0.02075693439
38.89578947400,0.02075693439
38.94947368400,0.01831493199
39.00315789500,0.01587292959
39.05684210500,0.01343092720
39.11052631600,0.02564093919
39.16421052600,0.02808294159
39.21789473700,0.02808294159
39.27157894700,0.03296694639
39.32526315800,0.03785095119
39.37894736800,0.03540894879
39.43263157900,0.03052494399
39.48631579000,0.02808294159
39.54000000000,0.03296694639
39.59368421100,0.03052494399
39.64736842100,0.02808294159
39.70105263200,0.02319893679
39.75473684200,0.02075693439
39.80842105300,0.02808294159
39.86210526300,0.02808294159
39.91578947400,0.02075693439
39.96947368400,0.02319893679
40.02315789500,0.02319893679
40.07684210500,0.02075693439
40.13052631600,0.01831493199
40.18421052600,0.01587292959
40.23789473700,0.02075693439
40.29157894700,0.02319893679
40.34526315800,0.02808294159
40.39894736800,0.02319893679
40.45263157900,0.02564093919
40.50631578900,0.02075693439
40.56000000000,0.02319893679
40.61368421100,0.01831493199
40.66736842100,0.01587292959
40.72105263200,0.01587292959
40.77473684200,0.01343092720
40.82842105300,0.01098892480
40.88210526300,0.01587292959
40.93578947400,0.01343092720
40.98947368400,0.01343092720
41.04315789500,0.01587292959
41.09684210500,0.01098892480
41.15052631600,0.01098892480
41.20421052600,0.01098892480
41.25789473700,0.01098892480
41.31157894700,0.00854692239
41.36526315800,0.01587292959
41.41894736800,0.01587292959
41.47263157900,0.01098892480
41.52631579000,0.01831493199
41.58000000000,0.01587292959
41.63368421100,0.01343092720
41.68736842100,0.01587292959
41.74105263200,0.01343092720
41.79473684200,0.01587292959
41.84842105300,0.01343092720
41.90210526300,0.01343092720
41.95578947400,0.01098892480
42.00947368400,0.02564093919
42.06315789500,0.02075693439
42.11684210500,0.02075693439
42.17052631600,0.02075693439
42.22421052600,0.02075693439
42.27789473700,0.01587292959
42.33157894700,0.01587292959
42.38526315800,0.01831493199
42.43894736800,0.02075693439
42.49263157900,0.02075693439
42.54631579000,0.02075693439
42.60000000000,0.01831493199
42.65368421100,0.01587292959
42.70736842100,0.01587292959
42.76105263200,0.01587292959
42.81473684200,0.01343092720
42.86842105300,0.03052494399
42.92210526300,0.02564093919
42.97578947400,0.02564093919
43.02947368400,0.02075693439
43.08315789500,0.01831493199
43.13684210500,0.01587292959
43.19052631600,0.01587292959
43.24421052600,0.01098892480
43.29789473700,0.01343092720
43.35157894700,0.00854692239
43.40526315800,0.03296694639
43.45894736800,0.02564093919
43.51263157900,0.02808294159
43.56631579000,0.03296694639
43.62000000000,0.03540894879
43.67368421100,0.04273495600
43.72736842100,0.04029295360
43.78105263200,0.04517695840
43.83473684200,0.04029295360
43.88842105300,0.03785095119
43.94210526300,0.03296694639
43.99578947400,0.02808294159
44.04947368400,0.02564093919
44.10315789500,0.02564093919
44.15684210500,0.01831493199
44.21052631600,0.02564093919
44.26421052600,0.02075693439
44.31789473700,0.02319893679
44.37157894700,0.02564093919
44.42526315800,0.02319893679
44.47894736800,0.02564093919
44.53263157900,0.02319893679
44.58631578900,0.02075693439
44.64000000000,0.01831493199
44.69368421100,0.02564093919
44.74736842100,0.02808294159
44.80105263200,0.02808294159
44.85473684200,0.02808294159
44.90842105300,0.02564093919
44.96210526300,0.02319893679
45.01578947400,0.03296694639
45.06947368400,0.02808294159
45.12315789500,0.02564093919
45.17684210500,0.03296694639
45.23052631600,0.03052494399
45.28421052600,0.02564093919
45.33789473700,0.02319893679
45.39157894700,0.02075693439
45.44526315800,0.01831493199
45.49894736800,0.01831493199
45.55263157900,0.02075693439
45.60631578900,0.02564093919
45.66000000000,0.02319893679
45.71368421100,0.02564093919
45.76736842100,0.02319893679
45.82105263200,0.02808294159
45.87473684200,0.02808294159
45.92842105300,0.03052494399
45.98210526300,0.02808294159
46.03578947400,0.02319893679
46.08947368400,0.02319893679
46.14315789500,0.02319893679
46.19684210500,0.02075693439
46.25052631600,0.01831493199
46.30421052600,0.01587292959
46.35789473700,0.01587292959
46.41157894700,0.02564093919
46.46526315800,0.02075693439
46.51894736800,0.02564093919
46.57263157900,0.03540894879
46.62631578900,0.03785095119
46.68000000000,0.03296694639
46.73368421000,0.03296694639
46.78736842100,0.03540894879
46.84105263200,0.03540894879
46.89473684200,0.03296694639
46.94842105300,0.02564093919
47.00210526300,0.02808294159
47.05578947400,0.02564093919
47.10947368400,0.02319893679
47.16315789500,0.02319893679
47.21684210500,0.03052494399
47.27052631600,0.02808294159
47.32421052600,0.02808294159
47.37789473700,0.03296694639
47.43157894700,0.03052494399
47.48526315800,0.02808294159
47.53894736800,0.02564093919
47.59263157900,0.02075693439
47.64631578900,0.03052494399
47.70000000000,0.02808294159
47.75368421100,0.02564093919
47.80736842100,0.02319893679
47.86105263200,0.02319893679
47.91473684200,0.01831493199
47.96842105300,0.01831493199
48.02210526300,0.01831493199
48.07578947400,0.01587292959
48.12947368400,0.01587292959
48.18315789500,0.01343092720
48.23684210500,0.02075693439
48.29052631600,0.02319893679
48.34421052600,0.02075693439
48.39789473700,0.02564093919
48.45157894700,0.02319893679
48.50526315800,0.02075693439
48.55894736800,0.01831493199
48.61263157900,0.01587292959
48.66631578900,0.01831493199
48.72000000000,0.01587292959
48.77368421100,0.01343092720
48.82736842100,0.02319893679
48.88105263200,0.02075693439
48.93473684200,0.01831493199
48.98842105300,0.01587292959
49.04210526300,0.01587292959
49.09578947400,0.01343092720
49.14947368400,0.01587292959
49.20315789500,0.01343092720
49.25684210500,0.01098892480
49.31052631600,0.00854692239
49.36421052600,0.01831493199
49.41789473700,0.01587292959
49.47157894700,0.01343092720
49.52526315800,0.01343092720
49.57894736800,0.01098892480
49.63263157900,0.01343092720
49.68631578900,0.01098892480
49.74000000000,0.01343092720
49.79368421100,0.00854692239
49.84736842100,0.02075693439
49.90105263200,0.01587292959
49.95473684200,0.01587292959
50.00842105300,0.01831493199
50.06210526300,0.01587292959
50.11578947400,0.01587292959
50.16947368400,0.01343092720
50.22315789500,0.01343092720
50.27684210500,0.01098892480
50.33052631600,0.00854692239
50.38421052600,0.01831493199
50.43789473700,0.02319893679
50.49157894700,0.02075693439
50.54526315800,0.02319893679
50.59894736800,0.01587292959
50.65263157900,0.01587292959
50.70631579000,0.01343092720
50.76000000000,0.01831493199
50.81368421100,0.01587292959
50.86736842100,0.02319893679
50.92105263200,0.02808294159
50.97473684200,0.03052494399
51.02842105300,0.02808294159
51.08210526300,0.02564093919
51.13578947400,0.02319893679
51.18947368400,0.02564093919
51.24315789500,0.02075693439
51.29684210500,0.02075693439
51.35052631600,0.01831493199
51.40421052600,0.01587292959
51.45789473700,0.01343092720
51.51157894700,0.01343092720
51.56526315800,0.01587292959
51.61894736800,0.01343092720
51.67263157900,0.01343092720
51.72631578900,0.01587292959
51.78000000000,0.01343092720
51.83368421100,0.01343092720
51.88736842100,0.01098892480
51.94105263200,0.01098892480
51.99473684200,0.00610491999
52.04842105300,0.01343092720
52.10210526300,0.01343092720
52.15578947400,0.01343092720
52.20947368400,0.00854692239
52.26315789500,0.01343092720
52.31684210500,0.01587292959
52.37052631600,0.01587292959
52.42421052600,0.02075693439
52.47789473700,0.02319893679
52.53157894700,0.02075693439
52.58526315800,0.03052494399
52.63894736800,0.02808294159
52.69263157900,0.02808294159
52.74631578900,0.02564093919
52.80000000000,0.02319893679
52.85368421000,0.02319893679
52.90736842100,0.01831493199
52.96105263200,0.01831493199
53.01473684200,0.01587292959
53.06842105300,0.01587292959
53.12210526300,0.01343092720
53.17578947400,0.01098892480
53.22947368400,0.01587292959
53.28315789500,0.01098892480
53.33684210500,0.01587292959
53.39052631600,0.01831493199
53.44421052600,0.01587292959
53.49789473700,0.01343092720
53.55157894700,0.01098892480
53.60526315800,0.00854692239
53.65894736800,0.01098892480
53.71263157900,0.00854692239
53.76631578900,0.01343092720
53.82000000000,0.01098892480
53.87368421100,0.01098892480
53.92736842100,0.01343092720
53.98105263200,0.01098892480
54.03473684200,0.00854692239
54.08842105300,0.01098892480
54.14210526300,0.00610491999
54.19578947400,0.00610491999
54.24947368400,0.01831493199
54.30315789500,0.02075693439
54.35684210500,0.02564093919
54.41052631600,0.02564093919
54.46421052600,0.02564093919
54.51789473700,0.02564093919
54.57157894700,0.02808294159
54.62526315800,0.02564093919
54.67894736800,0.02564093919
54.73263157900,0.02564093919
54.78631578900,0.02564093919
54.84000000000,0.03540894879
54.89368421100,0.03052494399
54.94736842100,0.02808294159
55.00105263200,0.02564093919
55.05473684200,0.02808294159
55.10842105300,0.02075693439
55.16210526300,0.02075693439
55.21578947400,0.01831493199
55.26947368400,0.01831493199
55.32315789500,0.02319893679
55.37684210500,0.02075693439
55.43052631600,0.01831493199
55.48421052600,0.01587292959
55.53789473700,0.02319893679
55.59157894700,0.02564093919
55.64526315800,0.02564093919
55.69894736800,0.02564093919
55.75263157900,0.02075693439
55.80631578900,0.02075693439
55.86000000000,0.01831493199
55.91368421100,0.03296694639
55.96736842100,0.02808294159
56.02105263200,0.02319893679
56.07473684200,0.02808294159
56.12842105300,0.02564093919
56.18210526300,0.02564093919
56.23578947400,0.02564093919
56.28947368400,0.02564093919
56.34315789500,0.02319893679
56.39684210500,0.02808294159
56.45052631600,0.03052494399
56.50421052600,0.02808294159
56.55789473700,0.02319893679
56.61157894700,0.02319893679
56.66526315800,0.02319893679
56.71894736800,0.03540894879
56.77263157900,0.03296694639
56.82631579000,0.02564093919
56.88000000000,0.02564093919
56.93368421100,0.02319893679
56.98736842100,0.02075693439
57.04105263200,0.02075693439
57.09473684200,0.01587292959
57.14842105300,0.01587292959
57.20210526300,0.01343092720
57.25578947400,0.01343092720
57.30947368400,0.01587292959
57.36315789500,0.01343092720
57.41684210500,0.01098892480
57.47052631600,0.01098892480
57.52421052600,0.01343092720
57.57789473700,0.01831493199
57.63157894700,0.01343092720
57.68526315800,0.01587292959
57.73894736800,0.01831493199
57.79263157900,0.01831493199
57.84631579000,0.01343092720
57.90000000000,0.01098892480
57.95368421100,0.01587292959
58.00736842100,0.01343092720
58.06105263200,0.01343092720
58.11473684200,0.01831493199
58.16842105300,0.01831493199
58.22210526300,0.01587292959
58.27578947400,0.01831493199
58.32947368400,0.02075693439
58.38315789500,0.02564093919
58.43684210500,0.02564093919
58.49052631600,0.03052494399
58.54421052600,0.03296694639
58.59789473700,0.03052494399
58.65157894700,0.04273495600
58.70526315800,0.04761896079
58.75894736800,0.04517695840
58.81263157900,0.04273495600
58.86631578900,0.04029295360
58.92000000000,0.03785095119
58.97368421100,0.04273495600
59.02736842100,0.05006096319
59.08105263200,0.04029295360
59.13473684200,0.04029295360
59.18842105300,0.03540894879
59.24210526300,0.03540894879
59.29578947400,0.03052494399
59.34947368400,0.03052494399
59.40315789500,0.03052494399
59.45684210500,0.02808294159
59.51052631600,0.02319893679
59.56421052600,0.02075693439
59.61789473700,0.02319893679
59.67157894700,0.03785095119
59.72526315800,0.03296694639
59.77894736800,0.02808294159
59.83263157900,0.03296694639
59.88631578900,0.03052494399
59.94000000000,0.02564093919
59.99368421000,0.02564093919
60.04736842100,0.02319893679
60.10105263200,0.02808294159
60.15473684200,0.03052494399
60.20842105300,0.02564093919
60.26210526300,0.02319893679
60.31578947400,0.02075693439
60.36947368400,0.03296694639
60.42315789500,0.03052494399
60.47684210500,0.03052494399
60.53052631600,0.02564093919
60.58421052600,0.02808294159
60.63789473700,0.03296694639
60.69157894700,0.03052494399
60.74526315800,0.05006096319
60.79894736800,0.04029295360
60.85263157900,0.05982897279
60.90631578900,0.06227097519
60.96000000000,0.06715497999
61.01368421100,0.07692298959
61.06736842100,0.07692298959
61.12105263200,0.08180699440
61.17473684200,0.07936499199
61.22842105300,0.08669099920
61.28210526300,0.08913300159
61.33578947400,0.09401700639
61.38947368400,0.08669099920
61.44315789500,0.11111102319
61.49684210500,0.11843703040
61.55052631600,0.12576303760
61.60421052600,0.12820504000
61.65789473700,0.14774105919
61.71157894700,0.13553104719
61.76526315800,0.12332103519
61.81894736800,0.12576303760
61.87263157900,0.11355302559
61.92631578900,0.11843703040
61.98000000000,0.11355302559
62.03368421000,0.11599502798
62.08736842100,0.10866902079
62.14105263200,0.11111102319
62.19473684200,0.10866902079
62.24842105300,0.10134301359
62.30210526300,0.08913300159
62.35578947400,0.08669099920
62.40947368400,0.07203898478
62.46315789500,0.06959698239
62.51684210500,0.06471297759
62.57052631600,0.05738697039
62.62421052600,0.05006096319
62.67789473700,0.04761896079
62.73157894700,0.04761896079
62.78526315800,0.04273495600
62.83894736800,0.03785095119
62.89263157900,0.03540894879
62.94631578900,0.05006096319
63.00000000000,0.04517695840
63.05368421100,0.04029295360
63.10736842100,0.03785095119
63.16105263200,0.05494496799
63.21473684200,0.05250296559
63.26842105300,0.04761896079
63.32210526300,0.04517695840
63.37578947400,0.04029295360
63.42947368400,0.03540894879
63.48315789500,0.03296694639
63.53684210500,0.03052494399
63.59052631600,0.03785095119
63.64421052600,0.03296694639
63.69789473700,0.03052494399
63.75157894700,0.02808294159
63.80526315800,0.02319893679
63.85894736800,0.02319893679
63.91263157900,0.01831493199
63.96631579000,0.01831493199
64.02000000000,0.02075693439
64.07368421100,0.01831493199
64.12736842100,0.02564093919
64.18105263200,0.02319893679
64.23473684200,0.01831493199
64.28842105300,0.02564093919
64.34210526300,0.02319893679
64.39578947400,0.01831493199
64.44947368400,0.02075693439
64.50315789500,0.01831493199
64.55684210500,0.01587292959
64.61052631600,0.01587292959
64.66421052600,0.01098892480
64.71789473700,0.01587292959
64.77157894700,0.01343092720
64.82526315800,0.01098892480
64.87894736800,0.01098892480
64.93263157900,0.00610491999
64.98631579000,0.01098892480
65.04000000000,0.00854692239
65.09368421100,0.01098892480
65.14736842100,0.01098892480
65.20105263200,0.00854692239
65.25473684200,0.00854692239
65.30842105300,0.00854692239
65.36210526300,0.00610491999
65.41578947400,0.00610491999
65.46947368400,0.00366291760
65.52315789500,0.01098892480
65.57684210500,0.01343092720
65.63052631600,0.01343092720
65.68421052600,0.01343092720
65.73789473700,0.01343092720
65.79157894700,0.01343092720
65.84526315800,0.01587292959
65.89894736900,0.01343092720
65.95263157900,0.01098892480
66.00631578900,0.01098892480
66.06000000000,0.00854692239
66.11368421100,0.01098892480
66.16736842100,0.00854692239
66.22105263200,0.01587292959
66.27473684200,0.01343092720
66.32842105300,0.01098892480
66.38210526300,0.01831493199
66.43578947400,0.02564093919
66.48947368400,0.02319893679
66.54315789500,0.02075693439
66.59684210500,0.01831493199
66.65052631600,0.01587292959
66.70421052600,0.01587292959
66.75789473700,0.01831493199
66.81157894700,0.01831493199
66.86526315800,0.02564093919
66.91894736800,0.02075693439
66.97263157900,0.02075693439
67.02631579000,0.02319893679
67.08000000000,0.02564093919
67.13368421100,0.02075693439
67.18736842100,0.01831493199
67.24105263200,0.02075693439
67.29473684200,0.01831493199
67.34842105300,0.01831493199
67.40210526300,0.01587292959
67.45578947400,0.01831493199
67.50947368400,0.01587292959
67.56315789500,0.01343092720
67.61684210500,0.01343092720
67.67052631600,0.01587292959
67.72421052600,0.01343092720
67.77789473700,0.02319893679
67.83157894700,0.02075693439
67.88526315800,0.02075693439
67.93894736800,0.01831493199
67.99263157900,0.01587292959
68.04631578900,0.02319893679
68.10000000000,0.02075693439
68.15368421100,0.02808294159
68.20736842100,0.02319893679
68.26105263200,0.02564093919
68.31473684200,0.02319893679
68.36842105300,0.02564093919
68.42210526300,0.02319893679
68.47578947400,0.02075693439
68.52947368400,0.01831493199
68.58315789500,0.01587292959
68.63684210500,0.01343092720
68.69052631600,0.01831493199
68.74421052600,0.01831493199
68.79789473700,0.01831493199
68.85157894700,0.01587292959
68.90526315800,0.02319893679
68.95894736800,0.02319893679
69.01263157900,0.03052494399
69.06631579000,0.03052494399
69.12000000000,0.02808294159
69.17368421100,0.02564093919
69.22736842100,0.02075693439
69.28105263200,0.01831493199
69.33473684200,0.02075693439
69.38842105300,0.01587292959
69.44210526300,0.02564093919
69.49578947400,0.03296694639
69.54947368400,0.02808294159
69.60315789500,0.02564093919
69.65684210500,0.02319893679
69.71052631600,0.02075693439
69.76421052600,0.01831493199
69.81789473700,0.01587292959
69.87157894700,0.02319893679
69.92526315800,0.02075693439
69.97894736800,0.01831493199
70.03263157900,0.01831493199
70.08631578900,0.01587292959
70.14000000000,0.01587292959
70.19368421100,0.02075693439
70.24736842100,0.02075693439
70.30105263200,0.01831493199
70.35473684200,0.02075693439
70.40842105300,0.02075693439
70.46210526300,0.02564093919
70.51578947400,0.02319893679
70.56947368400,0.02075693439
70.62315789500,0.01587292959
70.67684210500,0.02319893679
70.73052631600,0.01587292959
70.78421052600,0.01587292959
70.83789473700,0.01343092720
70.89157894700,0.01587292959
70.94526315800,0.01587292959
70.99894736800,0.01343092720
71.05263157900,0.01098892480
71.10631579000,0.01098892480
71.16000000000,0.02564093919
71.21368421100,0.02319893679
71.26736842100,0.02075693439
71.32105263200,0.01831493199
71.37473684200,0.02075693439
71.42842105300,0.02075693439
71.48210526300,0.02808294159
71.53578947400,0.03052494399
71.58947368400,0.02564093919
71.64315789500,0.02564093919
71.69684210500,0.02075693439
71.75052631600,0.02075693439
71.80421052600,0.02075693439
71.85789473700,0.02564093919
71.91157894700,0.02319893679
71.96526315800,0.03052494399
72.01894736800,0.02564093919
72.07263157900,0.02564093919
72.12631579000,0.02319893679
72.18000000000,0.01587292959
72.23368421100,0.01831493199
72.28736842100,0.01587292959
72.34105263200,0.01343092720
72.39473684200,0.01098892480
72.44842105300,0.01098892480
72.50210526300,0.01587292959
72.55578947400,0.01587292959
72.60947368400,0.02075693439
72.66315789500,0.02564093919
72.71684210500,0.02564093919
72.77052631600,0.02319893679
72.82421052600,0.02808294159
72.87789473700,0.02319893679
72.93157894700,0.03296694639
72.98526315800,0.02808294159
73.03894736900,0.02564093919
73.09263157900,0.02319893679
73.14631579000,0.02075693439
73.20000000000,0.01831493199
73.25368421100,0.01587292959
73.30736842100,0.01587292959
73.36105263200,0.02319893679
73.41473684200,0.02075693439
73.46842105300,0.01587292959
73.52210526300,0.01587292959
73.57578947400,0.01343092720
73.62947368400,0.01098892480
73.68315789500,0.01587292959
73.73684210500,0.01098892480
73.79052631600,0.01587292959
73.84421052600,0.02319893679
73.89789473700,0.02319893679
73.95157894700,0.01831493199
74.00526315800,0.02564093919
74.05894736800,0.02319893679
74.11263157900,0.02075693439
74.16631578900,0.01831493199
74.22000000000,0.01587292959
74.27368421100,0.02319893679
74.32736842100,0.02808294159
74.38105263200,0.02808294159
74.43473684200,0.02564093919
74.48842105300,0.02319893679
74.54210526300,0.02075693439
74.59578947400,0.01831493199
74.64947368400,0.01587292959
74.70315789500,0.01587292959
74.75684210500,0.01343092720
74.81052631600,0.01343092720
74.86421052600,0.01098892480
74.91789473700,0.01343092720
74.97157894700,0.01098892480
75.02526315800,0.01098892480
75.07894736800,0.01098892480
75.13263157900,0.00854692239
75.18631579000,0.00854692239
75.24000000000,0.01098892480
75.29368421100,0.01098892480
75.34736842100,0.00854692239
75.40105263100,0.00854692239
75.45473684200,0.00854692239
75.50842105300,0.01098892480
75.56210526300,0.01098892480
75.61578947400,0.00854692239
75.66947368400,0.00854692239
75.72315789500,0.00610491999
75.77684210500,0.01343092720
75.83052631600,0.01587292959
75.88421052600,0.01831493199
75.93789473700,0.02564093919
75.99157894700,0.02075693439
76.04526315800,0.02319893679
76.09894736800,0.02075693439
76.15263157900,0.01831493199
76.20631578900,0.02319893679
76.26000000000,0.02319893679
76.31368421100,0.02075693439
76.36736842100,0.02075693439
76.42105263200,0.01831493199
76.47473684200,0.01587292959
76.52842105300,0.02075693439
76.58210526300,0.01831493199
76.63578947400,0.03296694639
76.68947368400,0.03052494399
76.74315789500,0.02564093919
76.79684210500,0.02319893679
76.85052631600,0.02564093919
76.90421052600,0.02808294159
76.95789473700,0.02564093919
77.01157894700,0.02319893679
77.06526315800,0.02564093919
77.11894736900,0.02564093919
77.17263157900,0.02319893679
77.22631579000,0.03296694639
77.28000000000,0.03052494399
77.33368421100,0.03296694639
77.38736842100,0.03052494399
77.44105263200,0.02564093919
77.49473684200,0.02564093919
77.54842105300,0.02564093919
77.60210526300,0.02075693439
77.65578947400,0.02319893679
77.70947368400,0.02808294159
77.76315789500,0.02564093919
77.81684210500,0.03296694639
77.87052631600,0.03540894879
77.92421052600,0.03052494399
77.97789473700,0.02808294159
78.03157894700,0.02564093919
78.08526315800,0.02319893679
78.13894736800,0.01831493199
78.19263157900,0.01831493199
78.24631579000,0.01831493199
78.30000000000,0.02564093919
78.35368421100,0.02075693439
78.40736842100,0.01587292959
78.46105263200,0.01587292959
78.51473684200,0.01831493199
78.56842105300,0.01831493199
78.62210526300,0.01587292959
78.67578947400,0.01343092720
78.72947368400,0.01343092720
78.78315789500,0.01098892480
78.83684210500,0.00854692239
78.89052631600,0.00854692239
78.94421052600,0.00854692239
78.99789473700,0.00854692239
79.05157894700,0.00610491999
79.10526315800,0.00610491999
79.15894736800,0.00366291760
79.21263157900,0.00366291760
79.26631578900,0.00366291760
79.32000000000,-0.00122108721
79.37368421100,0.00366291760
79.42736842100,0.00610491999
79.48105263200,0.00610491999
79.53473684200,0.00366291760
79.58842105300,0.00366291760
79.64210526300,0.00366291760
79.69578947400,0.02319893679
79.74947368400,0.02075693439
79.80315789500,0.01587292959
79.85684210500,0.02564093919
79.91052631600,0.02319893679
79.96421052600,0.02319893679
80.01789473700,0.02075693439
80.07157894700,0.01831493199
80.12526315800,0.01831493199
80.17894736800,0.01831493199
80.23263157900,0.01831493199
80.28631578900,0.01587292959
80.34000000000,0.01098892480
80.39368421100,0.01343092720
80.44736842100,0.01098892480
80.50105263200,0.01831493199
80.55473684200,0.01587292959
80.60842105300,0.01587292959
80.66210526300,0.02808294159
80.71578947400,0.02319893679
80.76947368400,0.02564093919
80.82315789500,0.02075693439
80.87684210500,0.01831493199
80.93052631600,0.01831493199
80.98421052600,0.02319893679
81.03789473700,0.01831493199
81.09157894700,0.01831493199
81.14526315800,0.02075693439
81.19894736900,0.02075693439
81.25263157900,0.02564093919
81.30631578900,0.02564093919
81.36000000000,0.02319893679
81.41368421000,0.01831493199
81.46736842100,0.02564093919
81.52105263200,0.02564093919
81.57473684200,0.03052494399
81.62842105300,0.02564093919
81.68210526300,0.02564093919
81.73578947400,0.02075693439
81.78947368400,0.01831493199
81.84315789500,0.01831493199
81.89684210500,0.01587292959
81.95052631600,0.02075693439
82.00421052600,0.02319893679
82.05789473700,0.02075693439
82.11157894700,0.02075693439
82.16526315800,0.01831493199
82.21894736800,0.01587292959
82.27263157900,0.01098892480
82.32631579000,0.01343092720
82.38000000000,0.01098892480
82.43368421100,0.01098892480
82.48736842100,0.01831493199
82.54105263200,0.01098892480
82.59473684200,0.01343092720
82.64842105300,0.01343092720
82.70210526300,0.01098892480
82.75578947400,0.02075693439
82.80947368400,0.01831493199
82.86315789500,0.02075693439
82.91684210500,0.02075693439
82.97052631600,0.01831493199
83.02421052600,0.01831493199
83.07789473700,0.01831493199
83.13157894800,0.01587292959
83.18526315800,0.02564093919
83.23894736900,0.02319893679
83.29263157900,0.02319893679
83.34631579000,0.02319893679
83.40000000000,0.02075693439
83.45368421100,0.01831493199
83.50736842100,0.01831493199
83.56105263200,0.01831493199
83.61473684200,0.01831493199
83.66842105300,0.01587292959
83.72210526300,0.01343092720
83.77578947400,0.01098892480
83.82947368400,0.01098892480
83.88315789500,0.01343092720
83.93684210500,0.01343092720
83.99052631600,0.01098892480
84.04421052600,0.01098892480
84.09789473700,0.01343092720
84.15157894700,0.01343092720
84.20526315800,0.01831493199
84.25894736900,0.01831493199
84.31263157900,0.01343092720
84.36631579000,0.01343092720
84.42000000000,0.01098892480
84.47368421100,0.01098892480
84.52736842100,0.00854692239
84.58105263200,0.01343092720
84.63473684200,0.01098892480
84.68842105300,0.01098892480
84.74210526300,0.00854692239
84.79578947400,0.00854692239
84.84947368400,0.00366291760
84.90315789500,0.00610491999
84.95684210500,0.00854692239
85.01052631600,0.01587292959
85.06421052600,0.01587292959
85.11789473700,0.01343092720
85.17157894700,0.01098892480
85.22526315800,0.01587292959
85.27894736800,0.01343092720
85.33263157900,0.01098892480
85.38631578900,0.00854692239
85.44000000000,0.01098892480
85.49368421100,0.01343092720
85.54736842100,0.01831493199
85.60105263200,0.01587292959
85.65473684200,0.02319893679
85.70842105300,0.01831493199
85.76210526300,0.01587292959
85.81578947400,0.01831493199
85.86947368400,0.01831493199
85.92315789500,0.01587292959
85.97684210500,0.01587292959
86.03052631600,0.01343092720
86.08421052600,0.02075693439
86.13789473700,0.01831493199
86.19157894700,0.01343092720
86.24526315800,0.01587292959
86.29894736800,0.01343092720
86.35263157900,0.01343092720
86.40631578900,0.01098892480
86.46000000000,0.01098892480
86.51368421100,0.00854692239
86.56736842100,0.00610491999
86.62105263200,0.01098892480
86.67473684200,0.00854692239
86.72842105300,0.01343092720
86.78210526300,0.02075693439
86.83578947400,0.02564093919
86.88947368400,0.02319893679
86.94315789500,0.01831493199
86.99684210500,0.01831493199
87.05052631600,0.01587292959
87.10421052600,0.01587292959
87.15789473700,0.01343092720
87.21157894700,0.02075693439
87.26526315800,0.01831493199
87.31894736800,0.02075693439
87.37263157900,0.01831493199
87.42631578900,0.01343092720
87.48000000000,0.01343092720
87.53368421100,0.01587292959
87.58736842100,0.02075693439
87.64105263200,0.01587292959
87.69473684200,0.02075693439
87.74842105300,0.02075693439
87.80210526300,0.01831493199
87.85578947400,0.02075693439
87.90947368400,0.01831493199
87.96315789500,0.02075693439
88.01684210500,0.01587292959
88.07052631600,0.01343092720
88.12421052600,0.01343092720
88.17789473700,0.01343092720
88.23157894700,0.01587292959
88.28526315800,0.01587292959
88.33894736800,0.01587292959
88.39263157900,0.02075693439
88.44631578900,0.02564093919
88.50000000000,0.02319893679
88.55368421000,0.02075693439
88.60736842100,0.01831493199
88.66105263200,0.01831493199
88.71473684200,0.02075693439
88.76842105300,0.01587292959
88.82210526300,0.01587292959
88.87578947400,0.01343092720
88.92947368400,0.01343092720
88.98315789500,0.01098892480
89.03684210500,0.01098892480
89.09052631600,0.01098892480
89.14421052600,0.00854692239
89.19789473700,0.01098892480
89.25157894700,0.01098892480
89.30526315800,0.01343092720
89.35894736800,0.01098892480
89.41263157900,0.01098892480
89.46631578900,0.01587292959
89.52000000000,0.02075693439
89.57368421000,0.01587292959
89.62736842100,0.01587292959
89.68105263200,0.02075693439
89.73473684200,0.03296694639
89.78842105300,0.03296694639
89.84210526300,0.03296694639
89.89578947400,0.02808294159
89.94947368400,0.03052494399
