-0.07000000000010265
0.06999999999989746
-0.15100000000010272
0.15099999999989752
-0.2420000000001028
0.2419999999998976
-0.30700000000010286
0.30699999999989763
-0.3350000000001029
0.33499999999989766
-0.449000000000103
0.44899999999989776
-0.487000000000103
0.4869999999998978
-0.505000000000103
0.5049999999998978
-0.6850000000001032
0.6849999999998979
-0.6980000000001032
0.6979999999998979
-0.7230000000001032
0.722999999999898
-0.9280000000001034
0.9279999999998981
-0.9470000000001034
0.9469999999998981
-1.0280000000001004
1.0279999999998952
-1.0620000000000966
1.0619999999998915
-1.1030000000000921
1.102999999999887
-1.1110000000000912
1.110999999999886
-1.1190000000000904
1.1189999999998852
-1.2030000000000811
1.202999999999876
-1.3020000000000702
1.301999999999865
-1.521000000000046
1.520999999999841
-1.5440000000000436
1.5439999999998384
-1.5610000000000417
1.5609999999998365
-1.6000000000000374
1.5999999999998322
-1.6960000000000268
1.6959999999998217
-1.7420000000000218
1.7419999999998166
-1.7470000000000212
1.746999999999816
-1.7520000000000207
1.7519999999998155
-1.75700000000002
1.756999999999815
-1.7620000000000196
1.7619999999998144
-1.9280000000000013
1.927999999999796
-1.9549999999999983
1.9549999999997931
-1.9859999999999949
1.9859999999997897
-2.0549999999999873
2.054999999999782
-2.1419999999999777
2.1419999999997725
-2.282999999999962
2.282999999999757
-2.327999999999957
2.327999999999752
-2.4329999999999457
2.4329999999997405
-2.4819999999999403
2.481999999999735
-2.648999999999922
2.6489999999997167
-2.864999999999898
2.864999999999693
-2.9089999999998932
2.908999999999688
-3.019999999999881
3.019999999999676
-3.055999999999877
3.055999999999672
-3.066999999999876
3.0669999999996707
-3.2879999999998515
3.2879999999996463
-3.384999999999841
3.3849999999996356
-3.555999999999822
3.555999999999617
-3.5789999999998194
3.5789999999996143
-3.6979999999998063
3.697999999999601
-3.708999999999805
3.7089999999996
-3.771999999999798
3.771999999999593
-3.7869999999997965
3.7869999999995914
-3.8609999999997884
3.860999999999583
-3.991999999999774
3.991999999999569
-3.9939999999997737
3.9939999999995686
-3.9959999999997735
3.9959999999995683
-3.9979999999997733
3.997999999999568
-3.999999999999773
3.999999999999568
-4.001999999999773
4.001999999999568
-4.003999999999774
4.003999999999569
-4.005999999999775
4.0059999999995695
-4.007999999999775
4.00799999999957
-4.2629999999998605
4.262999999999655
-4.378999999999899
4.378999999999694
-4.431999999999917
4.431999999999712
-4.438999999999919
4.438999999999714
-4.445999999999922
4.445999999999716
-4.478999999999933
4.478999999999727
-4.732000000000017
4.731999999999812
-4.748000000000022
4.747999999999817
-4.794000000000038
4.793999999999833
-4.8050000000000415
4.804999999999836
-4.95100000000009
4.950999999999885
-4.954000000000091
4.953999999999886
-4.969000000000096
4.968999999999891
-4.972000000000097
4.971999999999892
-5.021000000000114
5.020999999999908
-5.171000000000164
5.1709999999999585
-5.227000000000182
5.226999999999977
-5.245000000000188
5.244999999999983
-5.293000000000204
5.292999999999999
-5.3950000000002385
5.395000000000033
-5.454000000000258
5.454000000000053
-5.512000000000278
5.512000000000072
-5.540000000000287
5.540000000000082
-5.60900000000031
5.609000000000105
-5.662000000000328
5.6620000000001225
-5.690000000000337
5.690000000000132
-5.719000000000347
5.7190000000001415
-5.725000000000349
5.7250000000001435
-5.731000000000351
5.7310000000001455
-5.762000000000361
5.762000000000156
-5.808000000000376
5.808000000000171
-5.9580000000004265
5.958000000000221
-6.008000000000443
6.008000000000238
-6.054000000000459
6.054000000000253
-6.080000000000467
6.080000000000262
-6.094000000000472
6.094000000000267
-6.109000000000477
6.109000000000272
-6.125000000000482
6.125000000000277
-6.20800000000051
6.208000000000305
-6.240000000000521
6.2400000000003155
-6.29800000000054
6.298000000000335
-6.29900000000054
6.299000000000335
-6.350000000000557
6.350000000000352
-6.351000000000558
6.351000000000353
-6.408000000000577
6.408000000000372
-6.439000000000587
6.439000000000382
-6.5180000000006135
6.518000000000408
-6.5330000000006185
6.533000000000413
-6.547000000000623
6.547000000000418
-6.5600000000006276
6.560000000000422
-6.584000000000636
6.58400000000043
-6.62600000000065
6.626000000000444
-6.671000000000665
6.6710000000004595
-6.802000000000708
6.802000000000503
-6.841000000000721
6.841000000000516
-6.86700000000073
6.867000000000525
-6.872000000000732
6.872000000000527
-6.877000000000733
6.877000000000528
-6.901000000000741
6.901000000000536
-6.924000000000749
6.924000000000544
-6.9670000000007635
6.967000000000558
-7.022000000000782
7.022000000000577
-7.044000000000789
7.044000000000584
-7.089000000000804
7.089000000000599
-7.134000000000819
7.134000000000614
-7.210000000000845
7.2100000000006395
-7.245000000000856
7.245000000000651
-7.258000000000861
7.2580000000006555
-7.298000000000874
7.298000000000669
-7.402000000000909
7.402000000000704
-7.43500000000092
7.435000000000715
-7.43700000000092
7.437000000000715
-7.447000000000924
7.447000000000719
-7.449000000000924
7.449000000000719
-7.544000000000956
7.544000000000751
-7.5510000000009585
7.551000000000753
-7.580000000000968
7.580000000000763
-7.5900000000009715
7.590000000000766
-7.742000000001022
7.742000000000817
-7.761000000001029
7.7610000000008235
-7.76500000000103
7.765000000000825
-7.769000000001031
7.769000000000826
-7.799000000001041
7.799000000000836
-7.863000000001063
7.8630000000008575
-7.996000000001107
7.996000000000902
-7.9970000000011074
7.997000000000902
-7.998000000001108
7.998000000000903
-7.999000000001108
7.999000000000903
-8.000000000001108
8.000000000000902
-8.001000000001108
8.001000000000902
-8.002000000001107
8.002000000000901
-8.003000000001107
8.0030000000009
-8.004000000001106
8.0040000000009
-8.06800000000107
8.068000000000865
-8.103000000001051
8.103000000000845
-8.110000000001047
8.110000000000841
-8.139000000001031
8.139000000000825
-8.144000000001029
8.144000000000823
-8.197000000001
8.197000000000793
-8.207000000000994
8.207000000000788
-8.279000000000954
8.279000000000748
-8.318000000000932
8.318000000000726
-8.402000000000886
8.40200000000068
-8.406000000000883
8.406000000000677
-8.419000000000876
8.41900000000067
-8.458000000000855
8.458000000000649
-8.473000000000846
8.47300000000064
-8.543000000000808
8.543000000000601
-8.59300000000078
8.593000000000574
-8.607000000000772
8.607000000000566
-8.636000000000756
8.63600000000055
-8.64800000000075
8.648000000000543
-8.68400000000073
8.684000000000523
-8.705000000000718
8.705000000000512
-8.721000000000709
8.721000000000503
-8.728000000000705
8.728000000000499
-8.734000000000702
8.734000000000496
-8.769000000000682
8.769000000000476
-8.770000000000682
8.770000000000476
-8.771000000000681
8.771000000000475
-8.77200000000068
8.772000000000475
-8.77300000000068
8.773000000000474
-8.782000000000675
8.782000000000469
-8.800000000000665
8.800000000000459
-8.807000000000661
8.807000000000455
-8.81000000000066
8.810000000000453
-8.814000000000657
8.814000000000451
-8.849000000000638
8.849000000000432
-8.86300000000063
8.863000000000424
-8.874000000000624
8.874000000000418
-8.875000000000624
8.875000000000417
-8.876000000000623
8.876000000000417
-8.88100000000062
8.881000000000414
-8.885000000000618
8.885000000000412
-8.894000000000613
8.894000000000407
-8.896000000000612
8.896000000000406
-8.915000000000601
8.915000000000395
-8.9170000000006
8.917000000000394
-8.9180000000006
8.918000000000394
-8.930000000000593
8.930000000000387
-8.931000000000592
8.931000000000386
-8.933000000000591
8.933000000000385
-8.938000000000589
8.938000000000383
-8.939000000000588
8.939000000000382
-8.941000000000587
8.94100000000038
-8.943000000000586
8.94300000000038
-8.944000000000585
8.94400000000038
-8.944000000000585
8.94400000000038
-8.943000000000586
8.94300000000038
-8.941000000000587
8.94100000000038
-8.939000000000588
8.939000000000382
-8.938000000000589
8.938000000000383
-8.933000000000591
8.933000000000385
-8.931000000000592
8.931000000000386
-8.930000000000593
8.930000000000387
-8.9180000000006
8.918000000000394
-8.9170000000006
8.917000000000394
-8.915000000000601
8.915000000000395
-8.896000000000612
8.896000000000406
-8.894000000000613
8.894000000000407
-8.885000000000618
8.885000000000412
-8.88100000000062
8.881000000000414
-8.876000000000623
8.876000000000417
-8.875000000000624
8.875000000000417
-8.874000000000624
8.874000000000418
-8.86300000000063
8.863000000000424
-8.849000000000638
8.849000000000432
-8.814000000000657
8.814000000000451
-8.81000000000066
8.810000000000453
-8.807000000000661
8.807000000000455
-8.800000000000665
8.800000000000459
-8.782000000000675
8.782000000000469
-8.77300000000068
8.773000000000474
-8.77200000000068
8.772000000000475
-8.771000000000681
8.771000000000475
-8.770000000000682
8.770000000000476
-8.769000000000682
8.769000000000476
-8.734000000000702
8.734000000000496
-8.728000000000705
8.728000000000499
-8.721000000000709
8.721000000000503
-8.705000000000718
8.705000000000512
-8.68400000000073
8.684000000000523
-8.64800000000075
8.648000000000543
-8.636000000000756
8.63600000000055
-8.607000000000772
8.607000000000566
-8.59300000000078
8.593000000000574
-8.543000000000808
8.543000000000601
-8.473000000000846
8.47300000000064
-8.458000000000855
8.458000000000649
-8.419000000000876
8.41900000000067
-8.406000000000883
8.406000000000677
-8.402000000000886
8.40200000000068
-8.318000000000932
8.318000000000726
-8.279000000000954
8.279000000000748
-8.207000000000994
8.207000000000788
-8.197000000001
8.197000000000793
-8.144000000001029
8.144000000000823
-8.139000000001031
8.139000000000825
-8.110000000001047
8.110000000000841
-8.103000000001051
8.103000000000845
-8.06800000000107
8.068000000000865
-8.004000000001106
8.0040000000009
-8.003000000001107
8.0030000000009
-8.002000000001107
8.002000000000901
-8.001000000001108
8.001000000000902
-8.000000000001108
8.000000000000902
-7.999000000001108
7.999000000000903
-7.998000000001108
7.998000000000903
-7.9970000000011074
7.997000000000902
-7.996000000001107
7.996000000000902
-7.863000000001063
7.8630000000008575
-7.799000000001041
7.799000000000836
-7.769000000001031
7.769000000000826
-7.76500000000103
7.765000000000825
-7.761000000001029
7.7610000000008235
-7.742000000001022
7.742000000000817
-7.5900000000009715
7.590000000000766
-7.580000000000968
7.580000000000763
-7.5510000000009585
7.551000000000753
-7.544000000000956
7.544000000000751
-7.449000000000924
7.449000000000719
-7.447000000000924
7.447000000000719
-7.43700000000092
7.437000000000715
-7.43500000000092
7.435000000000715
-7.402000000000909
7.402000000000704
-7.298000000000874
7.298000000000669
-7.258000000000861
7.2580000000006555
-7.245000000000856
7.245000000000651
-7.210000000000845
7.2100000000006395
-7.134000000000819
7.134000000000614
-7.089000000000804
7.089000000000599
-7.044000000000789
7.044000000000584
-7.022000000000782
7.022000000000577
-6.9670000000007635
6.967000000000558
-6.924000000000749
6.924000000000544
-6.901000000000741
6.901000000000536
-6.877000000000733
6.877000000000528
-6.872000000000732
6.872000000000527
-6.86700000000073
6.867000000000525
-6.841000000000721
6.841000000000516
-6.802000000000708
6.802000000000503
-6.671000000000665
6.6710000000004595
-6.62600000000065
6.626000000000444
-6.584000000000636
6.58400000000043
-6.5600000000006276
6.560000000000422
-6.547000000000623
6.547000000000418
-6.5330000000006185
6.533000000000413
-6.5180000000006135
6.518000000000408
-6.439000000000587
6.439000000000382
-6.408000000000577
6.408000000000372
-6.351000000000558
6.351000000000353
-6.350000000000557
6.350000000000352
-6.29900000000054
6.299000000000335
-6.29800000000054
6.298000000000335
-6.240000000000521
6.2400000000003155
-6.20800000000051
6.208000000000305
-6.125000000000482
6.125000000000277
-6.109000000000477
6.109000000000272
-6.094000000000472
6.094000000000267
-6.080000000000467
6.080000000000262
-6.054000000000459
6.054000000000253
-6.008000000000443
6.008000000000238
-5.9580000000004265
5.958000000000221
-5.808000000000376
5.808000000000171
-5.762000000000361
5.762000000000156
-5.731000000000351
5.7310000000001455
-5.725000000000349
5.7250000000001435
-5.719000000000347
5.7190000000001415
-5.690000000000337
5.690000000000132
-5.662000000000328
5.6620000000001225
-5.60900000000031
5.609000000000105
-5.540000000000287
5.540000000000082
-5.512000000000278
5.512000000000072
-5.454000000000258
5.454000000000053
-5.3950000000002385
5.395000000000033
-5.293000000000204
5.292999999999999
-5.245000000000188
5.244999999999983
-5.227000000000182
5.226999999999977
-5.171000000000164
5.1709999999999585
-5.021000000000114
5.020999999999908
-4.972000000000097
4.971999999999892
-4.969000000000096
4.968999999999891
-4.954000000000091
4.953999999999886
-4.95100000000009
4.950999999999885
-4.8050000000000415
4.804999999999836
-4.794000000000038
4.793999999999833
-4.748000000000022
4.747999999999817
-4.732000000000017
4.731999999999812
-4.478999999999933
4.478999999999727
-4.445999999999922
4.445999999999716
-4.438999999999919
4.438999999999714
-4.431999999999917
4.431999999999712
-4.378999999999899
4.378999999999694
-4.2629999999998605
4.262999999999655
-4.007999999999775
4.00799999999957
-4.005999999999775
4.0059999999995695
-4.003999999999774
4.003999999999569
-4.001999999999773
4.001999999999568
-3.999999999999773
3.999999999999568
-3.9979999999997733
3.997999999999568
-3.9959999999997735
3.9959999999995683
-3.9939999999997737
3.9939999999995686
-3.991999999999774
3.991999999999569
-3.8609999999997884
3.860999999999583
-3.7869999999997965
3.7869999999995914
-3.771999999999798
3.771999999999593
-3.708999999999805
3.7089999999996
-3.6979999999998063
3.697999999999601
-3.5789999999998194
3.5789999999996143
-3.555999999999822
3.555999999999617
-3.384999999999841
3.3849999999996356
-3.2879999999998515
3.2879999999996463
-3.066999999999876
3.0669999999996707
-3.055999999999877
3.055999999999672
-3.019999999999881
3.019999999999676
-2.9089999999998932
2.908999999999688
-2.864999999999898
2.864999999999693
-2.648999999999922
2.6489999999997167
-2.4819999999999403
2.481999999999735
-2.4329999999999457
2.4329999999997405
-2.327999999999957
2.327999999999752
-2.282999999999962
2.282999999999757
-2.1419999999999777
2.1419999999997725
-2.0549999999999873
2.054999999999782
-1.9859999999999949
1.9859999999997897
-1.9549999999999983
1.9549999999997931
-1.9280000000000013
1.927999999999796
-1.7620000000000196
1.7619999999998144
-1.75700000000002
1.756999999999815
-1.7520000000000207
1.7519999999998155
-1.7470000000000212
1.746999999999816
-1.7420000000000218
1.7419999999998166
-1.6960000000000268
1.6959999999998217
-1.6000000000000374
1.5999999999998322
-1.5610000000000417
1.5609999999998365
-1.5440000000000436
1.5439999999998384
-1.521000000000046
1.520999999999841
-1.3020000000000702
1.301999999999865
-1.2030000000000811
1.202999999999876
-1.1190000000000904
1.1189999999998852
-1.1110000000000912
1.110999999999886
-1.1030000000000921
1.102999999999887
-1.0620000000000966
1.0619999999998915
-1.0280000000001004
1.0279999999998952
-0.9470000000001034
0.9469999999998981
-0.9280000000001034
0.9279999999998981
-0.7230000000001032
0.722999999999898
-0.6980000000001032
0.6979999999998979
-0.6850000000001032
0.6849999999998979
-0.505000000000103
0.5049999999998978
-0.487000000000103
0.4869999999998978
-0.449000000000103
0.44899999999989776
-0.3350000000001029
0.33499999999989766
-0.30700000000010286
0.30699999999989763
-0.2420000000001028
0.2419999999998976
-0.15100000000010272
0.15099999999989752
-0.07000000000010265
0.06999999999989746
