7.716125479192151
9.253533290878798
9.160579402478367
8.628333005004519
9.210321799519567
8.771020552584
7.714415353131371
9.551202478315046
8.435811904738696
7.977709688914653
7.775358513395118
9.573586534003232
8.78127657776111
8.310966176564868
7.6757317233113085
7.884230101420372
7.862384591889151
7.626347824160833
9.41039988592152
8.049183304417184
9.31976641269669
8.153675388602162
8.739556485820552
8.090671953044945
7.746041927493734
8.375045747929313
7.810248713297212
8.291030243745743
8.191561060699353
9.084269164628843
8.75499859968909
9.186891900890535
9.113853211264534
7.719948156506381
8.712633298632712
9.0848063496692
7.534594060492468
7.825312925707947
7.827266820434916
7.666532559199398
7.957781983695398
7.763046163945344
8.838103299068596
7.417389685643198
7.405630369042592
9.326837874189295
9.660284312134959
7.764464600933303
7.966231375951835
9.236294783516927
9.45387284368988
7.988970817138814
8.53726509142422
7.5662157016660485
8.198142894190864
7.755099706770759
7.934962840228842
9.139856762687028
9.062726318487803
8.568065469429534
8.978880301310213
8.362857686190786
8.643632708505777
8.747623447355794
9.617682164446778
8.28937752157582
7.658591688376555
9.076068159264073
8.017166866066036
7.672930409324419
8.347744864631185
9.220982190070808
7.691598912348897
7.529035648204017
8.215519656857854
7.713355531270386
8.76384666642506
8.179795133394784
8.018905495577512
7.119041652564886
8.407996728309914
7.427943696435724
7.4381638629149585
6.867406390399044
9.178309922325013
7.946377899530411
7.42224061085474
8.723404375819005
7.999439486545244
7.860504779676513
7.645458795366638
7.6059223210470694
8.90653394130471
8.593555697863634
8.406296665805167
8.364655523618062
8.038132362600257
9.283045733200904
8.118869156958946
8.7661594936958
5.954242762836524
6.468148269555291
6.705545297375172
6.139478633517989
6.423957826209217
6.620454529944549
6.43544240033235
6.852584590564156
7.501505087168802
6.392567750315213
6.980883036848964
6.375958850751389
6.86330306036106
6.253420048348179
6.4017896236536815
6.4974310535609225
6.9801225996718586
7.51345204508621
7.448012922333687
6.833901630369822
6.395791165581343
7.63193834688722
6.622237805415977
7.29082873210172
6.574209594350236
7.030817238038511
6.648580695502405
6.939635568904465
7.101156985758351
7.082142681834825
6.64273992097163
7.132113493073859
7.192456797368303
6.216662396587599
6.256809773269793
6.786944778729125
6.664209544408497
7.282586422882745
7.758328463049229
7.035496826049865
6.534004964314137
7.251362637211321
7.542280247613077
7.631114998383657
6.556318125331576
6.198180449713505
6.980973047656365
6.611362210902874
6.023029425119194
7.483159778714522
6.9859478956941174
7.05378144116519
6.709630608911708
7.005808725605537
6.527417883622618
6.5867301131281275
6.773800067604162
6.667225390765925
6.0313909547207825
7.5330749534464045
6.320047566425046
6.645133301104157
6.718042973558653
6.490152835827818
6.946596734856325
6.2961424103805
7.826395909453647
5.739890301342518
6.855814539255014
6.63750308080695
5.737773925323996
6.991885352533051
6.109000680985874
7.076394408713376
6.36083162146107
6.990037561700285
5.995215021414603
7.182495557603232
7.095608525066373
6.957720203490078
6.6946242038528805
6.175206406612776
6.275812460489592
6.831062896818002
6.178717718198126
5.680607172910831
7.1830942237678395
7.52694730690053
5.803488543025676
7.5473661067052475
6.432667291937458
5.870206553325336
6.196179302018966
7.060040365876194
6.415500559071537
6.782467605382101
6.336967572421423
6.757744993689841
6.474632742695169
6.2849330455209875
5.220385663563067
4.9448034698905605
4.814884378065359
5.138053734408478
5.728001741954937
5.253233396643835
5.0174725360053545
5.986890518529709
5.054166105648322
5.4716398530437
6.100082112607107
5.7905883281411406
5.900247695212906
5.751247454559975
5.6663525825946515
5.797149538028871
5.500147618255527
5.575657604952016
6.1335913740194705
5.220385655910185
5.9577214554357
5.318934225161098
5.81886265819246
5.408515434862587
5.6086594987594856
5.742448212849873
5.4117706561681675
4.837378044317405
5.707691225945148
5.73350625268949
5.339891850685041
5.593648203156684
6.049296400063591
5.392835408869032
5.412272155338783
5.670419595032004
6.171343901496063
5.665400253110025
5.900066042005015
4.718248626905193
5.4587905507229015
6.062869208446555
5.809510864339995
5.611230516701408
4.87849596747574
5.5944775844949755
5.096919107090455
5.666723678837447
5.621946245640087
5.346884959017992
4.908473221387693
5.596303952854697
5.620851772107626
5.8333328288518285
5.6893140338832024
5.321973186007465
6.01556622717472
5.663536684850494
5.40637586360633
5.668996863038566
4.974627797728834
5.145979053706516
5.698915249188121
5.01990030901429
5.691985766007123
5.672950799160522
6.124475381708611
5.670920150782957
5.199907621730721
5.037630362499446
5.816940055484956
5.462779835991943
5.6757501812730276
5.473145751478432
5.263207705681777
5.7047049437821755
5.056768631580497
5.086668064575039
5.528536783769067
5.93870832463857
6.234071004437846
5.160805446407407
4.8152041608715335
6.176678936105463
5.210034700605988
5.384748311506513
5.403852872850241
4.8564689959620875
5.020842601695119
6.38035615410698
6.042213065247746
6.076230393330525
5.350637087227625
5.946542795495745
6.155010752586213
4.924194039191761
5.245691531411262
5.407860749130772
5.645663659023349
5.601867385543456
4.737034569752459
5.075705894757346
4.90707950623532
4.98999187823848
4.706368404975907
4.722670352412296
4.427061559809171
4.540383461532401
4.65187069916057
4.873562231116751
4.8298663340591474
4.656256543701675
4.900523314416569
4.721941715998359
4.247582176130504
4.557840695769505
4.96431616051925
4.788334552272775
4.1295928887416995
4.37824815332634
4.461386086561461
4.433441477504192
5.083609198070822
4.334468533795749
4.750153203342932
4.72966703320591
4.457798465165222
4.92314346594334
4.702111668581238
4.643153848216313
5.204320636507908
4.532179982089507
4.575148702190858
5.013832369433997
4.376716702010324
4.741553301081457
4.898578248752344
4.712866648186305
4.917890283587445
4.514557073225097
4.041529599432787
4.43130644704287
4.441765904918577
4.653012593917817
4.990085085736878
5.080815709287261
4.972792624411287
4.440829707182902
4.651250050273918
4.4085440792407855
4.50843525144625
4.0038436948784035
4.823584974223645
4.441464386007101
5.056594432867028
5.091774199876736
5.121888649588481
4.665740343598935
5.12055771749142
4.350574579957374
5.251588126211119
4.551862830075929
4.287738260909505
4.362378240962838
4.797938369163623
4.596234213975164
4.791786575186321
4.363248508704055
5.2533536702363515
4.361415827888769
4.864907900644954
4.668590309204573
4.805700206607565
4.742627857263365
4.90492621391909
4.855456204333351
3.9614481953403082
4.166696314844332
4.693614879906837
5.184472379417206
4.67190615979142
4.155215266483094
4.394736811195215
4.647190851257687
4.42682575627352
5.113251498624609
4.263856604189251
4.777607703011882
4.416700697175447
4.774168282194054
4.718226626802192
4.8290967581530095
4.698177214962529
5.020557191119045
5.106200127685253
5.165583013021529
5.226584480722176
4.258363371526948
4.627104700485087
4.362140011928259
3.5702457482553465
3.8972756138221563
3.912293752792276
3.9942982707343395
3.6722919636379476
3.9476950560120163
3.755636871845349
3.8294709995214267
3.5790276904817913
3.733600560372103
4.215215972880323
3.769459065492651
4.174449153937733
4.119026701167364
4.158532222685577
3.7092474845631833
3.9208801641506734
3.7254705791443055
4.176414439206901
3.578704664800199
3.6387284119928047
3.867668698242802
3.956654313579502
3.9568023646790413
3.739135705060804
3.576532790439019
3.986322671402171
3.9427743356367397
4.182008988550846
4.129491411730643
3.9267979842466465
4.186573208819956
3.781046738569265
3.92098693695352
4.216589839016052
4.152854756382888
3.8600286405070774
3.8396663150849446
3.8755666500024293
4.006154444326547
3.6673654148283914
4.096372585293174
4.0454205321134955
4.0045238349501355
4.138577080427724
3.7942100173577704
3.982118301923976
3.6857095095100876
4.0715979874761965
3.633541328890124
3.9897240263362463
3.791996828613835
4.366005732428959
3.962715896948397
3.8141381578550932
4.080421981988971
3.884466365637482
4.108521755083384
3.7305221830531496
3.442758810925585
4.1891627227737205
3.9791218004202866
4.010467511236644
3.9866659103698576
4.237569144615229
3.7400632443572275
4.303463275147081
3.9079891269160503
3.9774054243725083
3.953396095521457
3.827043746357105
3.5560443868793223
4.309912998477875
4.067656085409932
4.186823459375619
4.076792386298442
3.7288114887081094
4.0042203711564035
3.5870004253598684
3.717623940758032
3.8039982548693025
3.7014883654070534
3.978746194239845
3.4979794401899578
3.9442202223699128
3.846335027341748
3.974438783212337
3.6283413478750424
3.7848255621574
4.296269085109496
4.0443600917879605
3.6397447198097095
3.578999198848899
4.298091529658406
3.746843915927503
3.624789526030258
3.686605328925255
3.903276223268511
3.6074260937889036
3.457043257996051
3.3361794270313894
3.2969722004399538
2.8122489757614524
3.215866408917169
3.326573496543474
2.9808190137336763
3.492500056389395
3.3975019762557057
3.464879837883802
3.141685834731397
3.157406685337607
3.101212976928695
3.3125773660674502
3.084898273137894
3.4271904188311466
3.543414345207255
3.071782488852894
3.231669688080395
3.1052714060929096
3.4023498548103346
3.4805721048289517
3.0906577230964225
2.962232508824365
3.6679932570649783
3.1607254242197196
3.3717984380008357
3.373627598111606
3.4580197999039592
3.336914709153682
3.2031385123433602
3.1981784783136185
3.177444537846951
3.3191857759773544
3.2579855066141667
3.6742687678774946
3.1239889227250535
3.2170214220957236
3.1119507260092014
3.3273839768470808
3.238783655811519
3.4414946831764492
3.5275467914880343
3.312198264760089
3.378451741446544
2.9410755443470564
3.5611476098201127
3.354175409680528
3.243204016959929
3.1141118810385886
3.7318519558158885
3.3672845556940767
3.4048519405855666
3.0323234603148026
3.289824931426594
3.414929846839706
3.2517067069493475
3.4192286444181037
3.292578235372715
2.830738035135604
3.5976524370302756
3.5543377024405527
3.4358369875060792
3.5862706659645327
3.581155691391878
3.60818206529585
3.3404320267120866
3.107227765021967
3.466698336174334
3.0929264076402583
3.553667439121349
2.886296803892621
3.139450033129207
3.5480356365312016
3.6364218495793423
3.4810238703294543
3.4585836644752965
3.5003859491040132
3.5654916479908842
2.9135650272474796
3.5872056243579147
3.564342595477555
3.2601493966713413
3.122153769692042
3.297449906767402
3.2651338618678696
3.236094842243959
3.5704584770998005
3.1549017343132957
3.235665650543824
3.231625696563772
3.6510944943339334
3.5180238667887433
3.083555582925675
3.424874114813723
3.326210235013241
3.5937159117746265
3.102196721100123
2.964034056308095
3.246811338825828
3.3781086645368354
2.3930291078919455
3.0021889825813264
2.7575053002828755
2.605386996107015
2.50757418696754
2.9208834960646017
2.500072860866637
2.7261809845654317
3.129009148055298
2.8933710380669755
2.9841931415024296
2.7240780529611723
2.912726250597437
2.7768420814950736
2.8110395250303535
2.677337290414752
2.96595346300651
2.8421741698230147
2.816851386863787
2.6735492154841354
2.7211561386740866
2.7512367499947255
3.101035102219873
2.9683370561066016
2.8358361698991263
2.699206163492514
2.5564283851033647
3.17136987016104
2.9177672207080376
2.865537457477084
2.9776332133115635
2.8523578477868785
2.940686911144868
2.755544630667785
2.8543657194177303
3.1236622662916633
2.7454419793182265
2.76581213227677
2.836640282284558
3.0979919407166445
2.784701240739822
3.0281808616629116
3.033407134940287
2.7820542157614514
2.759440300414681
2.9577193220489653
2.7972458947377863
2.777418585636775
2.7956696750032535
2.48794700049807
2.9875279801843697
2.8005276637998353
3.093566767504987
2.7674354265586816
2.5873849402082914
2.750678008292487
2.8861458332535004
2.8630745019162855
2.6281942402469736
3.0004966455545747
2.9508765697522876
2.5370967455664886
2.703934840364446
2.6793457431285206
2.5901830681081193
3.03137997742923
2.973655998716165
2.8368334302571987
3.217696465535343
2.898750739664392
2.73985541228884
2.6819206029372196
2.8431496194088837
2.6723813499675044
3.0744541756345156
2.8771027018600295
2.616295577645325
2.967712910829344
2.8066364676996245
2.9016000401114517
2.912144760823151
3.084224659747577
2.623032817591216
2.9023847882570473
2.9937486751629354
2.7661236691889526
3.0024680293541843
2.655141183467631
2.882180674792095
2.5975923421364953
2.7510170627868336
2.8727961410473752
2.694462719273781
2.717856660111201
2.864340180906854
3.0161437554657313
2.861554206433755
2.6481145643304473
2.6471935482680076
2.42688730199005
2.2902650095963333
2.510098642602356
2.551329666084357
2.6118359977381527
2.4370219831452986
2.495156605797195
2.670875004210499
2.4808548981339573
2.527043345148136
2.262128686438669
2.5810774077824172
2.377232018685191
2.340485093912167
2.4280307474759835
2.4863975011309987
2.294567826635273
2.6411521931320916
2.2807904138535005
2.462611815132374
2.155196917901779
2.5103534103736265
2.284268937199547
2.4599192344776344
2.3741117264381173
2.329372295292449
2.2274624222909334
2.5782470528018138
2.248608416977238
2.3310922711625577
2.4113439669891426
2.3656346512524133
2.4676222338349127
2.617510061939484
2.38851026994339
2.6290754705231723
2.2926135500873532
2.2330007190778023
2.384287991821234
2.465011503327566
2.6040311638815195
2.3255248283733305
2.461274163360567
2.440129741563968
2.4770150027600852
2.3419168361753595
2.6207824597443277
2.375852873484178
2.2103401058124903
2.329627365097659
2.4074326475740473
2.5633556511484463
2.4443207341316597
2.444728764725259
2.40193626619902
2.4600240914878215
2.3548919977964555
2.5183111883361127
2.3674383946134374
2.253888990082892
2.5563323653408125
2.358040649601274
2.211267957543397
2.3822341398736278
2.442266921012452
2.448078583735097
2.5177346894385573
2.440174994817207
2.249096555581119
2.395130581348908
2.2379912230700136
2.4061288790211446
2.146424393303866
2.3522572964495123
2.3238964723048534
2.658552846050506
2.2607769810474454
2.2594321877054675
2.258176570953816
2.427562243300205
2.549456195264907
2.3225933079155427
2.419779784600049
2.2597868394356126
2.2422776057990927
2.4884199312697493
2.3477802021497953
2.477619967744161
2.169498541869602
2.644407893497654
2.3507645187679196
2.467813171407745
2.658755643239111
2.3417548723336403
2.4885746253100858
2.3441743546158595
2.4105816489003664
2.506202178037364
2.6113725215338213
2.468139116554724
2.3785824287783255
1.8766588334766605
2.1587554154246007
2.0204685088680536
2.156028019725595
2.0519387481957416
1.8501661661268762
2.087476027542236
1.888994529197232
1.9378289441337146
1.8563425803754234
2.0985984150246386
2.1450893034220693
2.0587890481956848
1.946249749716946
2.2951635507379673
2.0282858245712188
2.072889419128759
1.8518982262615202
2.033519260803267
1.8855882808896334
2.065551001166906
2.348937842719765
2.142623071064674
1.9906826037846626
1.9998026475201416
2.2491662113388684
1.9678526878469051
2.1842648621071103
2.2155325096033516
2.102672319508541
1.9202547854006196
2.134718373796696
1.9256253914373378
2.2058971516767554
1.9515022198127925
1.9260793086317132
2.0631288105172154
2.077352445132242
2.1331156399286852
2.095433542249288
2.170553375425235
2.1708272689659003
1.9856995069183618
1.9764081990438906
2.100476971489087
2.184484365231303
2.109445963503228
2.131037814707639
2.2017017617181858
2.0625021646396027
2.2433096645726334
1.9152247045100173
2.0305360970036723
2.0106593828323818
2.16275490573259
1.9205580947637282
2.008717115490909
2.233090855367194
2.271963744157215
1.9716204316338788
2.2193971528616756
1.9832339265034218
2.183365175075294
2.0239850405371747
2.127247202516438
2.10496899291676
1.9592867171195087
1.8780535897317645
2.2683811799861338
1.9485449910710393
2.025610303657558
2.264038534722807
2.086446311191994
1.9306597496175957
2.1435423687228576
2.1388184844966758
1.9889041639430616
2.0529966299671987
2.114916894988735
2.2205928072103447
1.870390636840302
2.006099326378063
1.976888752609736
2.0796751650576017
1.8925752381658785
1.9024510258112437
2.0997173305805887
2.2465029494275734
2.212833642755322
2.0309879739626773
2.081870650994103
1.9953059799004529
1.959509830890073
2.0413958011475803
2.1628578128936855
2.0765178667004585
1.9414774273341329
2.099175079404058
2.0453434500212935
2.0295463961746356
1.890794201288927
1.5643449486659693
1.7145222433675125
1.7983907035151054
1.914454124029815
1.8500993720115217
1.8507663092530973
1.832554161505238
1.8395353359675402
1.7852401286960613
1.7188020621163365
1.8507488860272419
1.900301597839387
1.870697596893576
1.672738378893169
1.806715746202675
1.742249048321514
1.7336784609485487
1.635011032786606
1.7070205266995135
1.8051083744326635
1.7154982559712775
1.7330766535401556
1.8844495482186483
1.7817542165170819
1.8428616400635083
1.8405653651748437
1.89068688901911
1.9108390868291465
1.9797240381564245
1.8265388491550743
1.9125934804919542
1.7290146590062823
1.754203384368347
1.851313057261145
1.9318440940658606
1.7751518619168491
1.6319168120181757
1.8125119559403255
1.5962127898220952
1.7734509864812062
1.7360256076619278
1.6706003117618018
1.8663598719042207
1.7545652945160826
1.6749212619283644
1.8661853183621158
1.9747822169401712
1.6951435469894427
1.6296229044212174
1.6732506970811287
1.682916810928885
1.6514056019654775
1.7502457921177073
1.748050046991937
1.930023393537433
1.7783837260312707
1.703349497829043
1.7581117223428626
1.6922572792142847
1.6526026351943524
1.7974967129726944
1.7059352035047632
1.806472790243807
1.8379212620838188
1.8497411153580303
1.6913363214254615
1.7323371461123394
1.8445309811536086
1.620263260647576
1.7013678774991345
1.724054262199645
1.8079449289389107
1.8415472148563492
1.7206375974376817
1.9066524728664973
1.8287447042179168
1.9805832357548663
1.6898321336239144
1.653864773547229
1.8073988050866552
1.7835998416730678
1.9312791376241254
1.8242150760622058
1.6028532456045688
1.635119807289781
1.7003224919242999
1.7014054242880206
1.7037275530026061
1.8899507863415177
1.5906350393222723
1.6877207624484385
1.6907384500916378
1.7226407895075846
1.6165637299786804
1.8473000618889335
1.7751265601728865
1.8303929548684887
1.7483126957737392
1.6670038796506574
1.5968256783220813
1.3891880926797897
1.5338092181010743
1.501416064147683
1.4968336052373208
1.4544665838780768
1.4250721288072907
1.4651421372932143
1.5306274053832676
1.53454370643956
1.405617987233065
1.5313112421506392
1.435724187621473
1.632084920106978
1.5159866460336242
1.4343510086253284
1.542540491426461
1.5827851045106753
1.5371200939633318
1.5733785455380493
1.444076832609242
1.6216811595261873
1.5739961675786351
1.4822165431519603
1.5022294605289013
1.45717932886728
1.4578025920927677
1.6090153192605219
1.6682224257550562
1.582622839271119
1.5320491978233168
1.4219334824363952
1.484120176612828
1.5070438550336462
1.56804439520351
1.50822188654595
1.3575173908518623
1.4425117734653956
1.5947976940728663
1.4996019603764335
1.5523538242896306
1.608174139103981
1.6065604930428519
1.511225441945736
1.3392713395603069
1.5031673490818855
1.5370234350099448
1.5990426523613492
1.5830472265608209
1.5901959372323484
1.4722097716607951
1.5083084038566803
1.505619775293869
1.4543862328054962
1.5574731893354175
1.5200953710224125
1.420568726357935
1.4897880495463671
1.453555765300733
1.4548162652947614
1.5886770466751075
1.4243421181804163
1.6529596035155225
1.5132841219093465
1.6176461653450291
1.4864665480305943
1.3824484662499097
1.5371360463376555
1.6092451659951337
1.4105602965024715
1.5688124431239239
1.5788885513074715
1.4673238624857101
1.5047521422835601
1.660395906445932
1.4705396813401888
1.3496221288007229
1.5832668106424106
1.3997587970934875
1.6601586326002424
1.4670321281409964
1.4203619749642908
1.4522809790308835
1.5112209670668724
1.5280664051539214
1.6413874257026726
1.6624882057550325
1.4792867817746802
1.513527710001748
1.467691064932204
1.4466848154789966
1.41274759688255
1.5163055766086388
1.7437543528871355
1.4312529238339986
1.5679753706200013
1.629217825287983
1.4468460215951209
1.4504044766876305
1.670456669322071
1.3281858280943795
1.3108961628134987
1.3700435091633747
1.4828574132876375
1.4595800049798917
1.2102427552100692
1.2585766245273733
1.412138013531038
1.2620316716713094
1.2255252112804145
1.2866773472034312
1.221199528810353
1.2204892008156696
1.3693702061356405
1.32852591894213
1.2882560179022884
1.2820036341045062
1.3524613589442704
1.2876464515471508
1.33395698218544
1.352511479534326
1.2577099585692133
1.286905927274517
1.1334148402361
1.3136630948267627
1.4496969983015204
1.2120188286141114
1.3942963909142692
1.3454395193805522
1.3592367015002522
1.3082947735319503
1.3648777407889772
1.2699258699810305
1.2285788599087657
1.297592353849027
1.417435996215685
1.2708005640121016
1.1907278248254836
1.2722078325432482
1.2701829471845214
1.3847793087022566
1.1704963951966483
1.3578792908079038
1.3692753127225858
1.2862874074264796
1.2880446413421203
1.211900376287253
1.2478677429389766
1.2640981105029714
1.3899242624624435
1.3076395124488478
1.3724132225742804
1.297515062062022
1.229330068887441
1.3284901572226049
1.3119233604428804
1.3469221057593983
1.163852984426279
1.3887828521308943
1.3391551520749643
1.2388404460154852
1.4161547107192498
1.3225732975874254
1.3440943505437324
1.2558271974216786
1.2848444359066478
1.4159900816830633
1.2611007625247004
1.2568776089503948
1.3066184558672678
1.357849731606067
1.2645984385102875
1.2984776562520455
1.252020181452691
1.2609422454724446
1.382632198802424
1.2427770095638202
1.3216295855944793
1.3570233912439758
1.3587480135131293
1.3217007328845822
1.4031031798426767
1.2581189391936096
1.1447442096161418
1.4310605774951375
1.3853017139109438
1.3870621360362774
1.372475596890977
1.2523445167072385
1.3010871879381136
1.283289535407477
1.3652880054611705
1.4144985698529104
1.3252326373734526
1.3567911443571035
1.2676635912324228
1.4128591517323033
1.2590337207113407
1.3987603328648384
1.3190906965985807
1.1996838249043746
1.2087853252887393
1.0983096853222207
1.1294262457472068
1.0374815786134852
1.1306943906120719
1.122556388818544
1.209283409006198
1.1238961161166605
1.0482822102529519
1.1691773330882504
1.15129502699067
1.1212863567909388
1.1090851021818724
1.0513770055472378
1.0989869529786833
1.1497766392970652
1.064200503557839
1.155170182002295
1.028950574732003
1.136777725908721
1.1162531778691995
1.109167740543098
1.1611524693804598
1.2025120955820299
1.1247875835890881
1.1507786965205606
1.0723783895806929
1.0337618227148138
1.2377291963488986
1.2606255440517504
1.0768492818424684
1.0891217262975532
1.118545522659493
1.1250202855200366
1.1450755484037063
1.1214618283257607
1.1569443586148176
1.1363229996149522
1.1461790738088573
1.1181549035909957
1.2086308871287597
1.130632164667066
1.1049430147868504
1.234241150089225
1.2368709565655995
1.1701144449717498
1.2638113209553459
1.1282954043440885
1.2396613564658026
1.1074704965281377
1.2233563904814746
1.1626062329848992
1.0879138359373033
1.1934240185956597
1.080146293993502
1.311673326148492
1.1276363860377865
1.0862930096735337
1.0578758716139303
1.0724815965014582
1.1744513028621983
1.0821739724192112
1.1244933886627242
1.252793695056477
1.0266621004391199
1.1939688966151785
1.163167951065977
1.1263263428852144
1.1151385198480575
1.2068157172836638
1.0743559470479562
1.1974468520014254
1.1081533497137208
1.160423564848038
1.0962217157235914
1.1153709605519038
1.127016178492825
1.1191578292800197
1.2080948248114254
1.2347350279997602
1.2714246423788287
1.150253522670476
1.2527516446909919
1.0880460232190288
0.9995897990024404
1.1662584794086834
1.1947411567618273
1.149517573455522
1.267422480236807
1.153819550794537
1.0589881902492921
1.301510570273654
1.1651470931489436
1.2825085634769369
1.2450019160132046
1.1588395013450352
1.17697743242803
1.1254946643191297
1.1236298059806358
0.9952076072643525
1.0361291273567799
0.9570488300814203
0.9908518637139331
1.004188163474847
0.9874085784610023
0.9566466046565443
1.0605765050878058
0.9472854382194031
0.985309147358319
1.0230020930056742
1.0353249271387817
1.0239176818598328
1.0399039782759532
0.986076247257161
1.0879446759081355
1.0098397833610602
0.944368686616002
0.9608013563286075
1.0085573149174074
1.0039077899000695
0.9739210794588175
0.9940810047530615
0.9972051234957089
0.9130390727335247
0.9924311772427193
0.9523340399964303
0.9746829773918723
0.932305012428627
1.0923840155841138
0.9915597401267823
1.0484710358195504
0.9091743889124206
0.940582265763754
0.9191002307616368
1.0180839917727376
1.0791157419983635
1.0506030781073796
0.9117629673871727
0.9734390534777984
1.002015305078862
0.9411192407874103
1.0717162626415973
0.9859153086500992
0.974823725646077
1.0450686541533347
0.9796963886411718
0.897118434938079
0.923100900175658
1.0456211784260812
1.0554594383072364
1.0281941506308652
1.0697625659371004
0.9156399495327507
1.0298541852715681
0.9412663402036199
0.9766418755889619
0.9909829291633779
0.9913817871506673
1.1112055761321775
1.0717957503314084
0.9999244601165089
0.9650101442147855
1.0089293689373169
0.9270683963308985
0.9094607464665787
0.9898698752276369
1.08363819146592
0.9646086042240083
0.9517437854386703
1.044583832843265
1.0127202309270853
1.0742304274434318
1.047473061130823
1.1008154834955346
1.0224190250688283
1.0708227998038635
1.0987770673079587
0.9702924270745735
1.0046083143395153
1.0818543230646989
0.9511742511370029
1.0213770518728473
0.9610210392560621
0.9834120756497872
0.9910060178745781
0.9537937336137863
1.10401550714323
0.9891727127249215
0.9643075547085579
0.89096476409662
0.8983014632241673
1.0183196244626973
0.933011159894143
1.0222755014265945
1.060350664672315
0.9650257549398215
0.9574897139734847
0.9036768666010693
1.040532414176268
0.9425727409785484
0.7623539085860777
0.8683778593922925
0.8146617326340099
0.8271753481844559
0.8204351686067609
0.8853397265340326
0.811763120068498
0.8029994918047637
0.8456879485229898
0.9549873547330031
0.859665304691681
0.8262729206117974
0.8261388061961971
0.9246086809158527
0.893530617167553
0.9023791843348454
0.8202665213660432
0.8778223845110159
0.8596383525679544
0.8597984206041829
0.9104727804725757
0.8602574581158258
0.8013653129866293
0.8314200710961963
0.8286988161013621
0.8729084779399209
0.8862421118606801
0.8726251345643413
0.9037151862156361
0.8401621961603974
0.8505025154350767
0.8756514667590165
0.9114065022751637
0.8396328202352242
0.8543685496467083
0.8682202207625184
0.8761781826491399
0.822569192098313
0.9334385320469313
0.8362830776986061
0.9047585340925113
0.7695572923739886
0.8598674623593383
0.8769073124869381
0.9750467869820327
0.8518642431917116
0.9262202301230382
0.8803232197620904
0.8660886688233619
0.8808209269520823
0.8387663138579905
0.8406514277943179
0.9217457410744936
0.8740618166023518
0.8926382382519372
0.8177291323768111
0.8770378979812475
0.945493536933095
0.8353079675577363
0.8154018482652511
0.9186859636688256
0.8858448070362996
0.9389771819752216
0.9048547715829101
0.8131963221425783
0.875029652435605
0.8966293276346541
0.8283368991877668
0.8872568930807405
0.8197122695596865
0.8848316344146577
0.8605006793644393
0.9344391372875378
0.8159014698804935
0.8785752911088766
0.9007972661734973
0.8689722203248128
0.858891494950461
0.8959815395624834
0.9370589441551969
0.8509603132898271
0.971036245365678
0.9208350037769103
0.8431652662469186
0.8711398628249511
0.9325740567131525
0.8863640211857805
0.8798308917730929
0.9153799139800088
0.8659842904061132
0.8685434225063765
0.8378079701486507
0.918787332165882
0.7903463824097825
0.8726637391217332
0.7892263226735795
0.9021156453183055
0.8539783214799117
0.899771371227355
0.7825047384041091
0.7637280467142977
0.6957114673008862
0.7695344702259053
0.7493733178307155
0.713094130939485
0.738575267391679
0.7664020074513607
0.73169553860029
0.7464019763779853
0.7817020854028879
0.6990221684195345
0.7199379632387904
0.8035105201995963
0.7411935759142521
0.7982517101813156
0.7126129816635954
0.8221858829714339
0.7266999703718485
0.7584560670892877
0.7922629880540735
0.6997179768801408
0.7217292943569784
0.7724808366534069
0.819451210307602
0.727731318185106
0.7317696075431089
0.8137986840017398
0.8052691805771454
0.7414318223019091
0.7594221035373397
0.7428096322716138
0.7587902389269545
0.7266744828575944
0.7699822000755637
0.7196889365743984
0.755063927380899
0.7470516840509847
0.8280167811971169
0.8035092473810872
0.7960386591161098
0.7248811815249409
0.803344643783752
0.7528432778524726
0.769122448052348
0.6891085014658931
0.7882772960386678
0.7701746459702288
0.7673847577026592
0.7138849597666078
0.7417682445109743
0.7673017187581092
0.7572115731620974
0.7635403395960338
0.6925840631949189
0.7075454563703575
0.7946146310484432
0.8270365299298849
0.7523633112233695
0.758524202808307
0.8524806736517312
0.6836468056593533
0.8399023216023567
0.8123819717909025
0.7530164243699372
0.7480491979528947
0.8262311687525415
0.7524746150395885
0.726973931827891
0.7434638441229064
0.7250110774538753
0.7329540179342059
0.7489257526845675
0.7690291367351266
0.7192522307995772
0.8426631412854886
0.7689367263929286
0.7518418878117564
0.8256413266345745
0.763898259482495
0.8033372016471471
0.7409506870597239
0.7741748688190436
0.7701354080755481
0.7969649985019691
0.820913977811306
0.6896508697155614
0.7096057860130853
0.7706864022269263
0.8093071270749123
0.8035439036738284
0.722725118229828
0.7352215110062316
0.7594704104257181
0.7870616144206132
0.7960514409917375
0.7701789477358121
0.7347835234365983
0.7607508021243218
0.8174789953006951
0.6617174074157623
0.632681785008277
0.6665726865275103
0.6929910540575878
0.6398203068604141
0.6403074075083139
0.712408244168037
0.6451953158128243
0.6207768796662483
0.6380337355240415
0.6836457159949507
0.6852341560795518
0.6908751559468669
0.684936014850879
0.6976771357845646
0.6146722173519871
0.7202112227166096
0.6209494712804673
0.7000269300775559
0.6699874404183088
0.7081738057171061
0.7511761056427422
0.6006208191120596
0.6777706448607955
0.6796765597325585
0.6307921219632269
0.6432371389084324
0.686818003612424
0.65657563868492
0.6225103858555934
0.6878918191890765
0.6610394745099405
0.7042044562929569
0.6376697522314371
0.7133612177677199
0.651478011073261
0.6331254277597632
0.6518471792890401
0.6360238096276658
0.6768030450512774
0.6802253257618418
0.6775683300273249
0.7153198377702831
0.6478762329249744
0.699610897038208
0.6502376581309715
0.6966905441900854
0.6739570391344154
0.6682553882236092
0.6752870962214462
0.6899514726949323
0.71687360640811
0.6819269696671307
0.6815716716458438
0.6535457215144879
0.6545986337123791
0.6381784119393253
0.674315760214554
0.6487518582700401
0.6385539013267428
0.6266506900701121
0.6369478029887837
0.66456026480656
0.6826622979535988
0.667581400993327
0.6734477499646886
0.7040209481630371
0.6579819023789664
0.6707030934888047
0.7043243507404641
0.7016585026558547
0.6105035390045099
0.6354701049840975
0.6828040467328022
0.6153675883282481
0.6951566737537392
0.643156033381432
0.6679817988668145
0.7171857612422905
0.6581598724221686
0.6456972837930391
0.6646112859594471
0.7077888486525177
0.6673487322944999
0.6982507257915338
0.7263728106280869
0.6535941071709206
0.6804610287987427
0.6677754690106781
0.6704304562522337
0.7138135594846475
0.6609983845176093
0.6765845043716411
0.7031591653476815
0.6522412431388519
0.6345609248069359
0.6351306075421542
0.7174420296115073
0.6470491737791613
0.638311587809693
0.5908142782756254
0.5877582938873713
0.5756649241134041
0.5810035135535104
0.6330905523512574
0.5677149322908753
0.5604179419248714
0.5963397868950266
0.5499407558242488
0.5885487884816846
0.5803680349083234
0.557226697707279
0.6215713832052363
0.596843567635738
0.6385215035796873
0.5458352766423084
0.603390731055191
0.5623035196690541
0.5652681017695257
0.5914297314035005
0.569844079024872
0.592866333099517
0.6007530769106869
0.6043194616598061
0.5460741574801921
0.6012526115053672
0.5819213346052416
0.6074290557177277
0.5845308877161269
0.5964599044744718
0.6175864575700674
0.5783203874740882
0.5566043876071634
0.6158380674045549
0.5944600896058819
0.5800606159800871
0.5837007892814414
0.569721447120486
0.5833140518582873
0.5918120347512632
0.5962703902909958
0.6084620168639063
0.5338532369272602
0.6318124761473666
0.6130875888857982
0.588014829308463
0.5738892635852588
0.5895488679548005
0.6067848487990088
0.6050246873995774
0.5878918173105945
0.6019627593205304
0.6063256479545432
0.5912334345119185
0.53217256673258
0.5389416008723539
0.596748484186835
0.5823669428095967
0.6396890327860246
0.5877152619844072
0.5857179141144709
0.6007602478408685
0.6187925949906304
0.6236070531552332
0.5967156624539256
0.6125661310904595
0.5938476696296626
0.5675585898882063
0.6303657345924003
0.6006138402019813
0.6389183807519099
0.5789689968782874
0.6428210637284703
0.5935306655515373
0.5861092217586773
0.5670412658793161
0.5250057540100379
0.5659234354885136
0.5925563768188375
0.6353140757877704
0.5596324906502422
0.5842322388414508
0.5931417232511487
0.5703798505772675
0.5501300379440777
0.56840990922642
0.6076996757304871
0.624984385720394
0.5847979322503688
0.5695819130467124
0.598986244732599
0.5798987794849643
0.5497670416506314
0.5741357687502796
0.5913976902127795
0.5564482225632111
0.5828101040141308
0.5393348996140735
0.5731756271061551
0.6318002991418407
0.5373476265944536
0.5086071123591931
0.4869102032566223
0.5057547369132114
0.508062741903874
0.505930150677608
0.47787752403608597
0.5059764078265034
0.5075155653795939
0.5320970064787506
0.5395312515543376
0.5339607750396319
0.5268143424649405
0.4842008458677021
0.47593992987439876
0.4729747554929158
0.49363014273514333
0.5110800539355717
0.5352620835837738
0.5171075523308233
0.5169458324024285
0.5174541725221602
0.47649624220714465
0.49662269359424965
0.5059841675260727
0.5127330949802251
0.5442428362623536
0.4887329151540658
0.5343065257537964
0.4999614687460638
0.520325593839335
0.5020192398299272
0.4890940676940197
0.49560419642343634
0.4877071840863024
0.46032002031677716
0.5012277616692364
0.5230163656322357
0.531587237087338
0.5012699253771201
0.4866156358723709
0.5067932544399942
0.48681860659878035
0.5326362279096505
0.4939438213174699
0.4937630149657313
0.4917825166725714
0.48079530092552014
0.5110764790694277
0.5284644581924482
0.4724870521356207
0.49472525806751944
0.5015579712933879
0.5048556536499436
0.5534718814360152
0.48389493590686766
0.49203845819672
0.5332003611137981
0.5110226943645535
0.5266462277536501
0.5297577178474456
0.5375417798725486
0.537851801876438
0.5164455457540272
0.47396507070004557
0.4698045773108103
0.523374090152357
0.49534570154869273
0.510250659355116
0.5263671205327581
0.47295227915051036
0.5487647647166835
0.5238941071588828
0.49361453905430785
0.5044943718817185
0.5317126307939838
0.5083284298472897
0.5391860257366893
0.5096654082276681
0.49905169063835425
0.5044599524179686
0.5103307805124176
0.48700789885674195
0.5160163240648419
0.535694316185643
0.5303950218737294
0.5698391115260721
0.5329632575797146
0.5083336728424188
0.5244853612715348
0.5092383801039649
0.4727695093820591
0.4985909491508327
0.4984008197914157
0.5146539435525169
0.5271329048790953
0.5257388439698365
0.5341278214838592
0.4729385996075756
0.5083038994054518
0.44992337847431635
0.41972153025749875
0.44892702633429854
0.41967347688966483
0.44614531412479247
0.4592685273686064
0.46540317533624187
0.4176957582974473
0.44156338258478545
0.41868824288101847
0.44821464888245754
0.4639724612986988
0.44110900629533645
0.4252611431224582
0.4374886366377882
0.47353733180194435
0.4758216352908935
0.4619910594359574
0.4868097829516286
0.43388612332767673
0.43548703396796234
0.4451184205409398
0.4751027463985063
0.47322627327473804
0.4264069100713319
0.4399047841945924
0.4644624638171572
0.4693990319817119
0.443367587460545
0.4822086956944789
0.4672084157289811
0.41415075571562077
0.432371500253705
0.46599364020894796
0.46923906450910635
0.44548318094312755
0.4480839804310003
0.42719217296059014
0.45407336559086503
0.4343769121197835
0.4830000982852184
0.4546332342688658
0.46210745877012144
0.47722981154658795
0.45239377047685986
0.4787770403152388
0.4946817897220766
0.4335153963293213
0.41723352761257476
0.44656001158917114
0.4249420513946216
0.4292585397215231
0.42247820436542294
0.4131378551771513
0.4746527131222151
0.4646905932706517
0.459513770998579
0.46594569608889236
0.4646587010748428
0.44677510935018944
0.4297782717283997
0.48930042104946897
0.495404680322538
0.4432352668601073
0.4621788856381533
0.46142747431179887
0.4368069099743908
0.47559073216729864
0.4452059338701439
0.42243888722892947
0.4636706267666934
0.4708529273513018
0.4350079055415404
0.4642588550133566
0.4728945432727919
0.4396366219330683
0.4370035775252886
0.41808719521545995
0.4589389410944947
0.4282132114680133
0.4304940492449606
0.46307767204388
0.49362788876471814
0.4630862746263388
0.42009176294539746
0.4857761778594524
0.4519565715850905
0.42031397611511934
0.472756489660207
0.47246724958572595
0.4340750610582553
0.48945219014977537
0.4560383984995079
0.4533188137229935
0.45296272640370544
0.4803019577883212
0.43612857842689645
0.429976345645388
0.43638609664758937
0.43257013063898125
0.40984055786429585
0.373282626532462
0.38256798537958864
0.40255598445876667
0.39087217423259507
0.4017242974679017
0.3825481898646328
0.3960261730673648
0.41761108644780637
0.3858426650082085
0.37382281656787725
0.39359545381760497
0.397207578791367
0.35468089554736243
0.35677224454875184
0.39674953678563785
0.4156956597414586
0.3991809661697564
0.40163057305892025
0.37772629664026125
0.4197354775387964
0.37699224000105014
0.40996868853723345
0.41566179046287494
0.38767347731479573
0.4156382991086354
0.4124572866867824
0.372062286681759
0.38692592540057935
0.39563742925324497
0.3958649645279776
0.418447060484665
0.43551273736355195
0.39069221392765213
0.41313306140391687
0.4009104415372555
0.42511173875475944
0.3834868847167707
0.4055399541417503
0.3816072209244443
0.38216255046299474
0.3702634384268638
0.40393949674324786
0.4019630773679436
0.4067907156226301
0.4003917957593878
0.41493586264521837
0.3896910589722318
0.39131438033938437
0.4052240507410707
0.40501849517373073
0.4131345071447042
0.41677785862922895
0.36143213523867407
0.37954562056369234
0.37117388861423284
0.3796797374929391
0.39022682255763513
0.3858248077456151
0.4079084534810825
0.4070898288841366
0.37398459122947236
0.36275391316295635
0.3864785175133556
0.35219818800001423
0.3642414236688675
0.3799785164448416
0.4031689889108421
0.38234929105950183
0.38889945263975884
0.37275667272939955
0.3968775074157426
0.37240493281458437
0.4063284544123627
0.3987382297242706
0.38775980214187583
0.3696344580768791
0.41645884021403473
0.38581649452937483
0.38216114765612746
0.3851201217625983
0.37047209840494805
0.4219379724087808
0.414072404131275
0.3868449032352454
0.3983